1026
2341
810
1619
2536
295
1624
403
1053
725
821
2850
3151
51
2572
691
1079
2550
4013
867
2430
2934
3095
330
1652
183
2009
20
2135
2316
3180
2710
393
2783
1298
1916
1657
4042
1956
3811
3602
1308
2203
2625
4018
3328
940
4067
1164
3079
1120
1658
538
306
2261
3770
2074
688
1691
36
811
3300
4040
1142
2975
1443
1886
2239
4059
758
538
866
3282
1795
3775
2232
3073
3308
2363
412
2927
667
629
3191
1060
3880
3552
3576
2465
3452
609
3296
2046
1735
2262
3911
1628
3031
1195
1872
3036
406
3502
2996
576
417
2977
3086
2864
316
1904
492
3153
3732
2518
849
1912
1643
2075
2174
3231
1282
885
2315
1004
1705
3169
194
2214
3070
1797
1469
2064
4061
3747
600
3872
290
882
1959
415
1962
1526
2631
1933
1142
3386
711
268
2594
2160
3432
3240
415
378
2079
761
2876
2772
205
173
1211
639
1248
1276
2323
803
3200
3613
1788
1863
272
1042
428
1899
3305
2155
3930
1397
640
2085
3773
3759
1510
3294
1608
3052
3267
2312
927
3710
1930
3449
172
847
297
1880
3639
3420
49
1490
3583
2404
668
1456
2695
2016
400
3129
4013
3180
2173
1441
518
1268
1805
132
3195
3116
2446
1768
982
3165
691
1413
525
1923
3128
1885
366
570
2996
2550
2091
3854
1101
1559
1075
505
3454
2667
3513
1927
2005
1355
1007
939
2284
1706
3588
2332
3101
879
1049
3970
2631
621
1587
3137
2751
1571
1606
1193
1624
897
3676
2036
784
1920
786
655
3792
1493
2059
2496
1991
326
2116
1556
2804
232
1168
1108
2675
166
756
1788
3209
2478
2252
1694
3777
276
3781
1383
642
2042
2502
801
3659
1264
112
747
802
3823
1438
1340
2839
3968
2334
1894
3514
3361
1806
2263
2733
1281
557
3681
2384
2670
3838
4090
1554
2918
3401
3949
2323
1979
3903
2440
950
128
3037
399
394
3878
983
1141
4033
2364
557
118
2549
2658
3295
874
3336
175
1669
2261
1181
2142
581
3573
1333
1453
828
2270
1558
2909
1112
1556
392
427
848
396
4053
1352
2138
755
3832
1192
3281
3576
3298
204
3808
3179
53
1777
579
1711
2194
2979
817
3570
1663
2938
1166
142
3775
2084
1611
852
1778
2993
2584
2154
2852
2802
3746
3480
1394
2179
1285
1862
488
1157
3637
2884
2041
901
660
3496
3753
3542
3047
3114
1425
3851
2063
22
2246
894
2738
1708
2795
1040
1703
675
3023
2844
2423
632
3084
471
3857
3521
401
3018
2289
2918
3620
1063
1968
2971
2115
3089
2684
3655
3871
2822
3207
2681
2814
3484
530
286
331
257
3873
1704
3226
424
35
2118
2232
959
1563
3256
3544
4
1157
2777
1489
3603
4065
3029
3722
1546
2840
2465
3337
591
2731
3924
3917
2825
1083
3487
1593
2061
3266
3706
3388
3085
3977
1355
4029
2364
2936
489
959
497
1541
2650
2303
1959
3397
1782
406
577
2544
3320
1727
1504
3037
2726
3564
1379
3690
1279
2020
1202
3605
4051
2098
773
1794
3571
3396
286
3802
1674
2617
2269
58
1800
2161
3598
3700
1377
3827
3904
1290
1480
3581
2236
3517
2340
2552
2841
2890
3932
1676
3859
4087
2782
1001
1368
2311
740
3900
3067
1862
230
1640
1262
3972
1443
1503
3829
484
3130
1899
2532
1492
2349
4049
2543
2696
2331
1877
1596
3262
2859
743
2749
1388
1919
1839
2994
1973
1708
1926
1080
1246
1675
3357
3193
2956
1882
130
3678
3118
3322
3108
187
2701
2131
495
3226
3657
4070
479
610
3959
460
706
1404
1601
2345
2299
3456
1304
758
3703
2074
888
1793
2493
3183
1738
40
3037
118
2325
3978
2828
3187
1910
2171
1120
1556
220
3058
3562
2451
101
435
1027
3642
3205
330
900
3823
3917
1372
3494
3574
1545
1822
611
979
978
1732
2284
3968
3939
3833
665
1367
2017
1673
3955
2586
3260
2896
2583
79
3054
1561
1523
3059
2252
2111
675
4074
109
2998
2830
2656
730
1241
347
581
2174
1566
2444
1493
3993
182
1239
3545
1793
3624
1543
3338
2725
3803
2673
2205
3832
1095
217
3261
1344
1249
1419
1076
2638
2063
3193
118
2196
3006
3055
410
1752
2159
1607
1002
1384
3688
450
2612
2194
3199
1060
1081
2562
494
1252
1067
453
1644
999
1235
3981
2712
3024
3208
1552
1049
2884
1081
1048
486
3708
645
997
978
3687
2667
1024
2628
248
3348
2385
1647
481
3148
3635
3746
1787
3457
1183
3071
371
1471
398
1542
1465
2259
3968
3129
111
1775
3878
1410
1503
1108
1073
122
2643
108
1322
1541
692
342
3906
2662
666
3496
2200
1706
3314
64
1616
1978
391
1419
215
63
4072
2935
1087
2591
248
1438
4056
765
3628
4018
1590
103
2122
3485
825
1132
29
2262
454
1474
2174
1782
1909
2225
537
2167
3180
795
695
3587
3335
144
591
1440
3783
1780
654
402
232
2977
3770
3206
654
189
2917
154
1473
3401
737
2121
388
1477
1118
1452
417
2641
645
255
1393
3968
339
3079
1260
1242
2677
1194
1336
3345
146
2804
2762
1239
2939
2778
2545
3228
1255
2371
2346
3107
3111
2094
2075
3090
2523
1198
1800
3733
1551
2288
3243
3272
3292
1780
2684
2164
2319
2195
1012
330
2402
1393
1429
2036
937
1748
2318
2448
4068
3882
2309
357
712
712
1965
3780
4058
2305
3579
274
3244
2081
2035
3467
981
2063
3475
428
2783
2950
3090
3017
3069
3826
3005
2705
1464
4032
2603
1424
1843
3085
1346
3612
224
1835
564
3086
1359
1157
1359
3459
1031
2745
1848
227
3548
2575
1422
3525
1265
618
3481
2166
3569
99
1429
1918
169
2599
3223
3723
3508
606
2595
589
2219
2397
169
2413
594
1733
848
3077
3705
3023
3545
2493
3094
2221
428
921
3100
3724
1424
1781
409
136
1458
52
2716
1276
2540
2951
225
2021
782
1485
2223
1918
505
1644
3463
985
2434
2519
839
1822
3538
3009
2027
2118
2114
1209
4056
2129
2014
554
1200
232
3594
3821
1214
2512
293
3918
3505
3171
43
953
1857
3080
2511
2802
3541
2386
1327
1713
53
2498
3250
1483
2064
3472
3266
1323
101
2813
3317
1881
3886
3262
1523
310
1154
33
3964
3245
4049
1107
1740
113
3403
1310
1829
2345
114
2365
1224
3746
1125
2574
2669
493
999
3423
1167
430
2114
2436
2900
1230
2680
521
2280
800
2602
2989
3872
1090
801
4021
1198
555
2159
2275
2739
2797
2867
812
2585
2188
3214
3688
496
777
3365
3187
673
3221
238
1143
1238
2071
2273
3227
1571
764
3231
3553
952
986
3978
1252
3584
1039
3184
3823
1309
719
826
860
326
291
2168
2879
2957
2034
2002
1887
506
2349
2818
2289
4044
972
1399
2883
2311
1448
669
589
3251
3935
1828
1928
3656
3053
3061
1732
1279
2216
4077
4061
1181
2691
465
9
2360
3112
2192
2684
1771
3512
404
162
1009
1263
1063
1799
597
870
301
3633
1387
2902
3751
906
1031
2682
146
866
3265
2489
569
3034
1334
2130
3151
2901
1168
3609
318
490
3878
1008
237
2785
805
4046
2600
1126
2617
1359
1900
2835
2841
239
2095
1062
3899
3615
2599
992
2112
1120
2095
2270
101
120
1821
3564
1722
765
988
2469
2216
37
2194
1744
1535
3204
1724
1715
799
2891
4008
1130
154
926
2128
3841
2730
90
3473
285
2627
1880
1256
3644
2554
2145
1956
1282
522
52
969
1447
1896
1761
149
1686
1064
2817
1091
3449
1373
668
3525
89
2042
80
3449
2904
2047
1457
2722
2166
2497
3209
1215
3704
847
1743
1430
887
1410
580
3411
2589
478
2340
2619
927
139
1699
2452
1015
2989
1279
764
2931
2527
3621
427
3383
1718
2092
369
2971
1785
1906
1496
714
1838
578
81
554
535
2394
2955
2982
3162
3878
1013
3059
341
352
947
2721
2162
2132
3808
3992
694
2238
3702
3271
3545
1132
3833
3432
89
3857
3316
1195
637
1001
1430
3927
2511
868
1144
4011
2852
2485
2213
159
3009
3714
4046
700
3030
1754
1468
3550
3512
3100
2899
425
140
327
2310
980
3890
2925
3744
3444
448
1833
387
1291
172
2995
910
1216
883
540
559
3362
3001
1265
3468
1026
686
2047
1079
904
1471
2576
3652
2656
1388
2553
369
1771
1090
3748
1191
1038
2923
3502
4072
3746
1892
2100
2681
2839
819
151
1893
4088
3909
265
428
1115
1586
441
2132
530
993
308
1737
1997
2232
738
2223
1246
3082
398
2011
178
3842
17
1772
1373
2031
3125
62
1282
1943
354
3383
3120
3526
3596
249
2469
1164
2673
1975
583
1003
3456
2851
1209
335
221
1968
799
752
3057
1579
3767
262
780
759
3068
3037
2236
1696
1929
2687
73
829
3083
776
3859
2948
3462
2602
899
2880
2668
1696
2657
4074
371
128
2838
2312
1169
316
63
3344
1136
3005
2368
3066
376
1159
621
3554
778
3757
729
907
3257
1568
3999
55
2906
1001
1094
2038
3961
2505
3695
491
2934
1185
3971
2419
3263
1757
750
62
2333
3258
2435
3072
699
3331
1278
3787
3054
712
2320
3542
2839
1050
944
181
38
526
3500
3389
2403
3614
2209
2658
2346
1664
479
1949
2095
3835
1364
1199
233
1862
459
3853
887
3572
3136
779
2925
818
3243
1512
2441
1656
3953
3461
1184
1039
3692
100
626
755
1831
1402
427
2460
3391
2882
443
869
3101
2044
1787
905
3742
1102
1544
2849
2741
990
94
684
1786
3436
1756
3455
3696
666
2374
1321
4028
3452
2477
4029
4029
801
2212
1845
42
2973
3329
1984
2379
3073
3474
658
3865
2211
2655
738
1458
1805
2078
461
1356
251
3647
1625
616
3097
3204
462
675
1412
82
869
417
2605
1599
3112
2897
3363
3552
1173
459
3800
3128
3873
3457
614
3081
1879
3867
567
1920
3394
995
138
2115
1281
415
2944
751
3542
1487
477
2658
359
2317
1485
794
410
2763
3730
1283
2594
1684
1821
1019
843
1130
1685
1853
2425
1189
3181
3024
2789
1919
2840
1267
2563
3275
1299
2439
912
3076
1306
2611
1227
3144
1361
85
2164
489
3407
2431
770
2396
3211
452
2796
2153
3903
3326
3566
3247
1569
3049
3492
3447
1465
1787
3081
1167
3481
2579
915
2843
280
3872
228
2624
1593
942
4019
399
2321
1921
3751
1237
1244
1714
2786
3671
2886
3663
952
2212
3932
342
2098
2653
1515
2008
3387
1670
113
2436
3435
2950
2661
3906
2015
700
155
4011
3458
299
3813
3082
2971
134
3337
3718
1318
1580
3956
1644
1196
1270
1101
391
1677
3898
1847
3364
1133
2521
1518
2159
2323
116
253
1074
3886
26
3542
4051
808
564
881
1471
2459
2090
1740
3112
420
601
216
3111
1986
3744
2084
3856
1620
3411
1070
1762
542
878
519
3473
2359
123
1615
748
2483
2713
407
255
963
1590
1183
705
2941
3743
633
1076
1010
964
122
572
3370
1600
1598
2817
1511
134
2729
3822
2375
2464
855
620
3669
1746
2205
1711
4039
3389
3369
3502
1495
3958
2685
925
228
1133
3365
3480
1486
586
95
3789
3128
2233
417
3653
611
2092
863
361
1017
3977
2670
2533
672
1310
2977
1789
3339
1080
1310
1654
1958
1058
3973
2891
4041
2518
2850
66
3693
2513
2516
479
2850
1388
2757
795
3167
1686
1230
1602
3019
4058
364
2310
1720
3536
1672
161
3082
3308
318
3706
3685
3087
2087
1081
1490
1145
1727
2533
3745
1006
3351
744
2183
2558
947
1680
2951
3857
2414
971
3609
3914
3064
2491
1849
3855
3898
2504
1966
3957
3788
1019
2094
266
420
614
2422
129
2917
191
2498
1561
580
3445
3788
2989
2671
2587
2301
2691
311
608
1045
3725
1913
4016
781
1588
2807
2346
2688
2507
3356
3309
2262
2489
63
2708
759
1389
1280
3203
885
3185
921
1242
2371
1590
435
3388
2188
2703
1654
2325
1697
990
937
1845
2711
985
3134
2117
956
1136
3186
4008
2437
1802
1211
1665
1318
1627
2991
3389
2620
2319
2307
1776
810
2125
4092
1838
2226
846
3574
2950
1539
1049
2931
1591
4012
2163
1544
2212
2613
2217
1850
3997
801
3126
294
3638
3579
1521
982
2137
1745
4079
3337
1515
2164
1440
3301
2221
369
922
2673
163
3423
872
1574
1860
3676
379
3153
1082
1282
85
3466
1575
2960
2379
1273
3685
1786
1482
2668
945
2141
1882
754
311
97
1648
1235
3529
2548
992
2903
2711
2567
1401
2286
1701
1672
3889
2544
202
522
1857
2803
3938
3519
83
2178
979
3436
2426
1450
1702
1400
1271
1617
1387
2542
3254
2799
1989
3331
913
3816
1987
3740
1355
171
2438
3663
2787
964
3679
588
1566
3754
791
1156
3327
4006
985
2661
1313
508
2394
2548
3923
3023
2890
523
1754
372
1808
1097
3344
3985
1210
2554
3207
3084
1833
1347
1483
300
2263
1035
3836
3575
442
69
1771
3054
2541
663
3980
848
2532
2436
3087
2897
3541
2982
2038
73
3395
618
2116
1195
1885
2551
619
3584
3120
114
2170
463
1149
698
856
2299
3439
3962
1642
1506
579
1536
4071
679
4005
3881
653
2921
3944
393
3506
494
3896
995
934
3706
2815
497
2627
117
4086
1857
2774
2231
3504
1219
3001
2500
1838
501
1003
1463
2424
1881
3841
1
1193
372
2872
1557
1521
2562
2979
3766
3883
3779
3060
1413
1430
3375
2418
3946
1007
2322
3236
1214
922
3861
2275
1452
2020
3841
2531
847
2385
864
1051
145
3345
921
855
3797
1582
1116
1095
3668
1773
2350
2656
1339
3589
1296
3345
1098
1321
959
1702
3648
1536
1677
1679
2325
3511
1617
341
1414
2690
4082
1356
329
1172
2887
3441
520
1534
2096
1928
1972
2600
3760
348
2539
2928
771
1810
2466
1994
735
3141
556
3605
1826
1981
1380
1354
950
219
2253
918
2794
884
1453
2576
870
1601
1441
3523
3702
3794
1835
2226
3175
4084
2566
1438
1631
2819
3865
1198
4067
1488
602
2661
2285
1168
2394
1823
3506
1609
1307
3282
221
2492
2815
295
905
1597
807
210
3193
3772
752
2289
3056
945
695
3700
1530
589
1480
266
2812
2885
821
1487
2807
447
2999
252
1747
734
2857
311
930
2218
1971
495
1100
1955
775
1269
2187
1595
1511
588
1328
279
4039
3186
1438
26
3280
2085
1236
1967
3764
397
3039
2448
42
873
2523
515
254
1166
2210
1217
3896
3761
2154
2341
310
253
149
874
2238
4014
3820
2727
1750
3664
1857
3253
1621
3869
278
3347
1190
2638
2123
3687
3739
2876
2245
665
1489
1670
1798
181
529
1975
693
1304
803
2656
2669
1502
344
542
1573
3710
3548
4001
24
139
3251
2753
2506
233
73
93
1838
3813
1207
3889
1675
2784
1331
2783
3496
2862
571
1327
211
1341
1782
2543
1537
1680
137
2906
1107
630
1281
1666
2423
1714
20
3960
2935
2348
2870
2782
3026
918
2523
2457
964
3806
397
3755
2269
2071
996
3860
718
2830
1061
3986
2391
3406
1569
2194
3178
1764
3012
618
1402
3844
1102
819
548
497
1432
3604
1479
3630
3394
1554
1554
358
3568
662
10
3458
628
2867
1912
1193
1364
3356
3663
3014
840
1318
1706
2014
2413
1012
3976
1990
1808
2427
3865
922
2999
3258
1673
601
1676
2899
607
1958
3886
583
781
3097
485
2358
1433
1600
904
44
2631
1561
810
3452
840
1295
215
1487
162
1770
1641
390
3965
395
212
3184
1293
23
144
2314
488
1862
3149
206
3951
2852
1130
1221
2543
30
2724
799
1917
257
498
2530
3040
2088
1921
3751
3965
2769
3981
3674
3004
2429
1870
1325
1805
1964
1664
448
2585
1816
1602
538
1391
22
3172
1461
513
2366
3906
3341
2129
3467
2583
2431
3002
464
2040
1078
1142
2727
3582
266
1984
2899
3613
977
2095
3868
2908
2269
3900
2651
3838
2449
1239
2481
688
1609
3006
1642
3534
2271
3145
2648
4084
1371
1761
1328
1929
1874
2382
3667
759
3322
3064
396
2976
1975
1778
315
953
3245
2548
3722
1997
1443
2467
1721
2359
1914
496
1524
2811
2926
3825
629
953
877
2052
2570
1865
274
3258
1510
3372
3637
3895
573
3503
864
3959
3659
2511
1149
1930
952
3841
125
118
54
477
2913
3448
2037
3462
179
2178
452
419
451
3374
3426
2155
2312
445
2226
2268
2521
2388
155
1804
2095
3088
1578
994
2757
3340
1926
1269
3525
2787
3909
433
3484
867
2854
2369
2058
2144
1775
2182
432
2887
2230
3042
3202
734
986
43
135
1703
1819
536
1325
932
1037
1264
2917
1332
2721
86
3430
2946
1659
2172
468
1992
1604
895
1923
353
2796
3758
2835
109
1988
1372
3807
290
128
986
2802
1109
540
221
233
3552
981
4026
3569
297
2257
2496
2927
472
1752
1171
72
3450
1535
2234
3651
4074
1562
3334
4010
3348
1254
2433
2806
1753
2433
1087
2159
3423
803
620
1625
1338
2278
1047
1033
1035
2970
1712
1276
3596
2117
2819
2160
2698
1922
2975
3571
472
2784
2198
1650
3070
1014
3983
3468
1604
2235
665
1952
150
1191
1407
3290
3782
3737
3731
964
336
3946
3006
2618
1134
3501
3076
422
2450
1929
1369
835
2110
3560
590
1821
255
969
3646
215
3065
1002
685
300
1868
1647
123
822
4055
2617
615
1583
1518
863
3628
1389
2255
3224
3013
492
4062
3583
3892
1405
2794
995
1314
3477
1681
3639
3057
274
3372
274
1208
3203
1245
2683
1713
1468
2416
1683
1467
468
1116
2961
3267
3859
2471
99
1921
696
85
3642
3473
1315
1477
3295
2675
3467
568
3761
2627
549
2487
2678
4014
1718
1805
2690
768
1901
392
271
2107
2394
2905
3573
2051
1803
778
254
3816
3025
830
951
1062
416
2043
1325
3278
3619
1975
1898
1237
3674
2554
2601
969
865
3882
3585
4026
1584
543
102
3066
1577
3981
459
412
2777
368
1343
2517
3140
2767
885
2958
3595
3318
985
248
1437
792
3346
2940
1568
139
1312
3430
3997
3083
2256
988
545
1564
3288
2209
1836
4087
2466
2879
238
3149
2248
599
2395
3213
2516
44
3322
1832
3759
3397
3358
377
282
4014
2273
1972
3553
61
3854
3281
2645
3485
4070
3076
513
253
2967
3362
4069
3260
263
117
3442
2824
2996
1920
3340
608
2908
1192
3023
1866
1155
186
654
3406
3817
706
1724
725
2802
1159
1340
578
3606
1656
561
712
456
2875
3578
2414
409
597
86
2486
603
3887
3122
2
627
1433
2263
4049
3651
3561
3453
1727
3159
2850
2965
606
2894
1671
1989
2893
1467
653
863
2259
555
1766
1527
3321
594
4085
2650
3673
1020
884
713
3896
2254
3176
3990
1326
2911
2701
241
3145
1319
336
2879
1738
548
947
3232
2290
3536
3050
3493
1910
3642
1264
1757
1880
2976
2775
1110
3673
1567
3356
2279
664
2654
4052
84
977
3949
183
888
1745
2628
2458
2149
3904
186
125
3160
483
2531
1726
847
2903
2951
1224
876
57
2898
405
1735
3116
637
1878
2027
3734
3990
1739
2471
3385
1186
3561
3642
3548
1965
3239
2563
3802
3821
3011
1872
2153
3001
1920
2679
637
727
3535
895
2479
1607
348
3342
820
597
3572
3009
2123
2973
1556
1498
3371
2044
3272
1699
231
2987
986
883
439
3233
3697
80
3278
10
132
53
1967
2892
3952
2049
2601
1829
1844
1091
1
2024
2176
2226
1409
2446
1990
1507
1345
1395
1443
3740
3083
3865
2436
3078
597
1327
3074
3998
1301
3656
3419
3422
2094
2467
3090
2410
1479
555
2322
3481
3282
3565
2580
3533
1559
199
1178
488
1731
3129
3525
847
4081
1714
1242
3629
1864
3313
3009
1710
520
889
1031
1231
2998
2940
1745
2254
3825
1550
3777
3151
2668
1318
3604
3035
3766
2129
1789
1878
724
787
3486
644
1310
1404
2507
1588
309
217
742
3165
2445
33
1022
848
1743
1719
3082
2945
1609
484
668
1841
3398
2046
2471
2269
3275
329
2
3207
2285
1207
1459
3718
642
2110
1181
2190
289
23
1918
2490
3663
313
2814
2299
3958
1245
3260
2372
488
2082
527
1453
1790
3128
2573
2090
3041
102
1560
506
2985
3137
2660
2205
3934
511
2393
1962
3861
1999
1060
3943
3262
3130
1964
1089
3083
671
1200
1287
999
1704
1519
112
1058
2732
1981
3849
1085
3723
1432
2325
992
2488
3716
2580
2175
417
3851
355
2313
2275
1159
2946
1362
1590
520
1654
1178
2909
888
2103
2117
3042
2723
3488
1606
1306
1621
3564
2768
2147
2843
2173
2581
1694
1207
979
191
2179
3795
3062
550
4041
708
2080
3111
3585
433
2540
3690
2244
58
2209
526
241
27
149
620
519
2398
1586
2685
1303
4010
1536
3629
661
4013
3207
1244
2615
3776
2702
2646
1648
3474
2654
1513
360
2551
421
2531
3704
80
224
4058
233
2451
1330
3004
1709
1495
1146
3749
3084
3766
3589
1408
16
2340
1368
2715
3399
128
350
1570
2106
3894
2552
2568
1406
958
2705
2753
2511
2225
859
3996
1312
1322
3782
652
1782
2205
1930
1804
440
3552
149
1840
2331
1979
3380
837
1291
3041
332
3810
3
3404
2425
583
2544
3374
1625
666
3483
558
4061
2495
3720
846
634
4023
916
2453
3007
3339
893
3738
3057
3800
1064
2969
2725
2403
3213
3355
806
830
2101
2402
1779
3988
3958
1850
1983
1452
521
2178
938
2964
1055
1515
1367
1093
3606
943
790
525
2721
394
3257
3463
246
2531
1084
476
2685
3826
2677
4093
1266
2657
3408
3121
2370
2286
2189
519
134
3113
3131
2319
3692
3960
1498
1379
2846
2489
442
3945
3659
973
2977
263
1411
3835
3972
2131
1595
2212
1999
2338
76
1730
3626
813
402
150
274
252
963
3860
1139
3539
2058
2507
2318
3242
2717
4091
1840
3962
3219
3577
182
2434
784
3994
3727
3813
1510
1960
710
2913
136
1946
3130
1327
2373
2732
2353
2786
948
1054
1143
1427
2887
3262
840
1205
3621
685
3075
2073
679
3327
1078
1379
2865
179
1037
2344
3461
3387
863
3546
122
3186
3664
655
2691
1696
2813
1324
1464
2396
3083
959
1231
3240
1123
2573
1348
305
3087
3673
3067
3280
1272
2971
3318
3623
1522
2690
1849
1983
799
3114
487
2028
742
705
1657
357
3818
713
2235
1341
3970
638
876
2212
3987
2141
2039
1579
1359
2970
135
3292
3164
3109
536
2122
1712
4048
3208
4076
3491
203
514
3395
3126
267
1569
3545
2442
3802
1397
3696
3904
257
3282
165
1736
3064
1829
1116
839
3053
2587
1626
2007
3816
1087
55
3328
3165
2219
459
2251
1987
2030
1677
3304
1683
1563
756
728
2483
2739
1702
454
2332
3962
2911
417
4024
2867
86
3828
3523
2242
3172
6
2269
598
2807
565
548
3064
2440
3188
421
1368
3029
3406
2486
1430
1994
3870
52
3509
28
2136
1079
2450
1020
2027
3870
2209
3833
2897
2799
3630
3550
1366
3983
3565
883
3886
3431
2132
3086
449
3807
285
775
307
2738
72
1378
346
1381
1688
1527
1577
1929
3322
1957
1976
1227
694
199
1645
760
2109
312
2616
741
2218
825
4034
2965
3771
888
506
2907
1024
163
1586
1440
2939
1620
3905
1649
206
3956
539
4007
2127
2773
3836
3406
1093
517
1803
3772
648
497
746
1339
2512
2577
1234
1410
1491
1869
3309
621
3957
333
677
446
3617
3134
3789
228
1966
1504
2833
866
3337
3716
194
1586
1656
1961
3805
1375
1798
2037
714
2516
977
3171
3293
1255
402
2192
3826
789
1653
1054
3363
1544
3074
775
1372
834
1805
1386
1743
1522
