145
1908
1411
1470
1709
220
1827
1395
972
281
1111
980
873
1485
270
1481
98
393
1240
698
77
692
1932
895
2024
134
464
1722
602
1050
1121
2003
685
1826
298
978
647
243
652
850
1089
431
1101
967
986
1257
1877
1589
1521
610
1418
1603
1674
45
2002
1873
392
1127
285
1456
848
660
148
1973
424
1375
737
1328
213
1927
311
1410
537
1736
210
1335
683
378
355
53
478
387
1458
1152
1174
1520
325
900
637
919
1664
691
1717
1703
1048
1040
957
933
320
201
1835
377
16
687
341
1515
350
1057
1648
1058
1943
88
1132
664
70
1393
779
368
1733
1235
1740
649
1388
32
577
941
520
1268
1732
12
693
656
414
910
1578
859
420
1964
313
1273
1398
550
2038
939
10
881
451
1843
2012
1318
1088
1864
960
1845
1320
1870
1784
1275
1804
2010
1606
1489
935
1610
59
251
1884
1980
746
1513
442
1172
1924
824
556
1384
837
482
1344
1577
1885
962
433
1561
165
558
1919
83
5
727
1599
1789
1738
1934
268
470
1176
54
1264
502
1792
1108
460
8
1729
290
831
1156
1522
359
371
1083
1086
1874
1472
1082
106
436
1715
1928
1978
1538
443
1977
385
1861
413
1136
1224
1619
1204
906
415
1670
1184
67
1676
1764
1106
1678
1869
1726
1293
258
1253
319
1832
168
618
188
553
1267
105
110
90
35
25
723
1853
1466
539
1401
2021
606
483
72
616
349
600
263
1767
1937
1803
1958
868
170
1327
1161
918
689
2033
1480
31
1118
248
774
242
767
1663
888
465
1760
1254
1394
1090
648
803
1833
1052
784
1272
1718
928
2022
206
609
1353
503
931
1190
1378
1469
673
51
1252
1080
318
262
1655
901
1847
227
295
1601
1677
1316
113
1055
1516
1517
2007
146
380
1265
1221
1301
926
619
91
1998
407
14
462
814
810
1326
1044
530
323
864
908
1248
964
769
2034
453
1191
872
66
654
402
93
265
738
789
892
914
11
527
1445
1206
476
291
1185
95
1000
786
1494
1199
574
1126
1572
178
1003
126
455
522
764
724
845
1133
1543
1918
528
372
832
52
1548
1836
970
665
1612
2035
1339
1167
2023
1160
365
43
409
1143
1171
915
1131
695
1144
176
1483
653
775
141
1949
232
1170
995
604
1291
568
1850
1971
1416
1643
485
1584
1684
1186
1060
1460
607
1269
1865
1557
337
1926
1468
2030
741
1013
245
734
1242
1497
507
1707
917
336
1805
1070
1757
1178
107
1967
461
1006
1883
193
1051
904
130
1600
838
504
1913
143
749
1473
1840
57
41
84
1154
1026
426
1525
1189
538
1882
69
819
1692
1311
1824
605
1145
316
1308
1482
1566
1383
240
212
1349
1487
541
498
1990
871
127
598
1218
514
1492
61
704
1342
1484
299
423
1712
510
1770
595
114
1755
322
623
529
1675
1065
1700
1929
688
260
1364
721
1615
294
1988
1205
706
1644
2025
1527
131
1315
790
1754
1407
1697
561
398
777
1786
585
792
1359
833
1337
909
2031
1818
1214
1862
21
1030
821
1397
370
1621
167
118
405
1114
233
211
1693
1905
1910
1223
1795
547
111
1667
1334
1582
1925
625
2005
151
1351
1447
254
1230
493
128
1769
597
813
512
94
1014
303
902
231
208
1449
236
1371
1938
327
1415
1292
787
204
1157
564
2013
1100
823
1710
116
1146
765
684
1162
1544
719
1424
1015
1202
1409
297
1751
226
221
1575
272
2039
449
626
869
282
638
324
782
1128
1969
203
1898
1096
754
947
1807
293
1043
1345
1933
955
1995
321
770
1038
1244
867
700
194
1841
1672
890
397
835
1280
364
181
1731
1837
340
173
863
1756
65
1645
1361
1094
1741
1197
570
400
1341
1617
1953
2011
1061
1403
971
940
524
158
1960
421
1907
569
896
7
1762
936
768
1774
1356
109
624
1413
1283
773
1277
1959
1950
490
219
346
1453
1370
1916
1479
711
1079
1766
228
951
445
1660
1690
1011
663
1179
772
1258
2032
801
214
1658
189
1437
1119
1386
1509
356
1534
1951
879
457
655
256
123
42
2028
916
1198
817
950
1860
1801
1999
922
1074
1227
984
103
985
1799
1496
468
1365
855
73
1169
1539
629
1475
1274
988
2029
545
856
1501
1001
1462
247
1239
1285
1031
301
1923
575
339
271
743
1689
1124
334
1338
1259
1739
1142
1017
177
1834
1023
79
1743
1212
716
573
1081
1322
1123
1426
1004
492
751
1376
1420
672
44
1725
1047
1912
384
1500
1471
852
554
1782
427
1987
599
1323
580
701
1405
469
435
758
1195
1785
1696
187
1196
1498
1778
1788
551
976
429
253
463
376
163
1343
162
759
235
1745
1049
1609
944
1848
100
1694
1524
2006
882
150
48
1894
1890
1901
1425
1742
182
1839
1821
1671
1286
2
505
1780
1642
1931
731
275
142
1947
132
581
1512
1962
1262
675
1597
1783
1624
808
292
1776
1306
1421
996
1886
1066
1811
744
166
659
1579
1005
2036
667
1558
509
1103
288
1012
63
1704
544
1029
171
86
416
185
175
1713
1844
1851
1158
1153
841
761
891
184
862
1875
1377
1488
1071
2020
1332
1814
886
851
279
1300
124
459
1165
617
1125
884
1307
1773
993
1921
519
726
183
1346
1553
942
1514
1095
190
486
1922
1976
230
441
1382
771
1723
1911
508
437
1078
1607
401
1625
593
1281
1192
330
1357
1819
264
697
1758
603
216
1679
386
903
1695
39
1635
1730
1295
959
991
1404
1102
186
389
1236
1039
1237
1238
1794
1809
1355
1920
709
50
794
889
1629
1457
1363
668
1290
1130
1309
58
592
1902
344
1892
1173
930
686
621
102
1417
352
1113
589
1380
439
854
484
1440
259
1373
1093
1389
1637
1046
496
788
1618
825
1213
96
191
1583
1771
921
1504
1906
149
622
1279
630
1188
418
1592
899
1595
1247
144
977
13
456
499
699
532
1022
1419
905
18
152
440
366
874
46
680
1914
566
159
979
534
1149
1997
1041
155
974
591
523
533
1069
1930
1503
1556
1392
217
952
1965
1063
1505
2044
555
1056
1746
517
197
954
1571
1573
722
535
115
1945
1024
934
198
1028
898
650
992
584
1555
830
1451
828
1891
1134
717
1706
1266
252
1639
1838
1857
1477
861
1705
351
800
169
1526
760
369
310
1037
1673
1871
331
839
391
1137
1314
117
1759
487
1225
1777
797
1016
1812
1863
1303
1900
542
1523
1530
783
1598
30
139
681
1896
326
1350
1465
1856
1216
479
1369
1296
506
4
657
736
38
1542
1463
85
540
1107
1478
28
104
1035
1294
1135
438
129
1682
778
37
1728
1115
289
1633
172
1744
1177
560
1310
156
1956
829
536
305
968
565
406
929
1665
1631
1551
1855
1772
2001
518
793
876
1
1981
3
1942
1002
1092
1229
1374
481
1059
317
101
410
725
328
2041
865
1646
153
1348
1507
1626
1602
26
562
180
381
715
1476
816
388
1201
965
1797
1510
1033
1042
1270
1439
1688
1027
728
218
222
332
373
1402
894
1104
1559
1036
1209
827
1432
1829
1438
953
56
1972
138
363
1464
1996
1317
1614
284
309
627
1699
666
1867
1519
296
1564
1412
395
1018
1982
1828
375
548
1983
1336
1151
1067
1436
2016
2045
357
1325
543
304
1251
844
154
348
798
718
938
1245
1545
1234
1474
432
1752
1708
762
1075
877
1691
249
1815
708
1233
255
1529
615
1872
1567
1499
1122
643
1904
1791
843
1231
563
920
1666
1180
1261
997
1243
446
1194
81
261
729
1454
791
587
795
1620
1331
608
1333
1211
516
2027
826
1109
1946
1806
403
1800
806
1944
1974
1569
613
74
1796
306
64
1215
1053
1630
1680
33
990
1448
1604
497
1701
1148
989
78
948
121
1428
924
730
847
740
994
1255
1647
2008
578
1954
1574
133
836
234
1313
1429
1968
157
1278
1329
2026
1408
735
15
644
1831
1588
307
1372
314
1591
1941
1878
125
747
1876
849
702
1241
315
1368
1430
646
454
345
1427
1433
1486
1586
1590
286
1580
1034
338
1182
1287
1385
682
312
1305
472
17
257
586
1714
690
362
1858
893
266
963
335
1249
1622
2009
883
501
1560
1917
1825
1939
342
1686
34
799
1747
742
582
1802
633
367
1528
1650
199
192
1175
238
834
1628
1533
1698
62
161
576
1009
1105
1491
1387
937
383
1391
1681
1260
1219
1640
276
1854
1952
1868
1554
1210
1020
399
412
1989
1452
47
9
1340
710
22
671
99
1935
815
752
1734
112
1140
875
419
477
1139
1390
1798
1459
1330
1518
1623
239
1007
495
1304
1994
1366
179
1032
1636
1117
29
1400
1750
1367
1613
430
1616
1312
1641
1654
1562
822
1298
1659
379
140
583
1207
287
1502
763
1187
818
1608
20
1763
897
628
1724
796
2047
720
428
521
404
1097
846
1668
1203
1816
1963
241
1955
1076
1228
347
913
1138
277
89
983
887
488
694
1948
696
333
1220
745
588
1823
1687
24
215
670
858
360
1550
473
961
860
466
733
1790
750
943
1768
1813
1909
494
546
1159
2004
1098
1434
1045
809
237
411
949
1881
946
434
1887
999
1010
820
108
526
911
1761
1822
1495
1570
756
634
225
195
1077
458
1727
1129
27
1661
932
559
489
1576
866
1765
1546
601
244
6
1915
390
1984
1200
1719
1683
870
274
785
590
1324
677
679
1552
223
739
1099
1271
1649
2048
1793
1537
1975
2046
853
1652
842
1781
1352
2043
1669
594
549
137
60
1656
1721
1852
200
1720
1008
1084
1319
300
712
987
1062
812
361
1565
75
1879
571
205
1685
1406
1587
1087
515
1120
1354
1549
1506
2040
557
1150
1993
1073
776
76
1581
1594
147
1379
1490
1431
705
280
92
2019
1779
1297
662
1749
1830
269
1541
1817
1450
2014
1444
525
748
1232
196
802
87
1064
635
19
1147
678
1360
1381
840
1181
1414
1396
2018
1302
781
500
36
1605
956
422
969
998
923
642
353
471
2000
1657
1611
973
1627
2015
1442
1193
1091
164
641
444
1168
1110
1787
1716
1568
1321
703
1893
474
1256
1985
40
97
358
329
308
283
1748
1735
676
1085
354
531
1535
2017
878
966
343
55
1991
1508
611
1282
1634
1753
1638
491
982
1443
804
596
811
1632
475
1217
780
209
880
1859
1208
981
1461
1585
1842
640
1141
1961
631
1653
1362
174
1532
229
1846
135
396
1775
805
757
1025
1563
302
755
1536
552
1455
80
1888
925
1222
202
224
480
1808
857
273
1164
1651
1866
1019
68
1446
1284
1540
448
1702
450
1422
382
1895
713
467
1054
572
1531
1899
207
620
1810
136
1936
651
1940
447
1250
1511
707
1166
1358
753
2042
1596
160
2037
1263
120
614
661
1662
658
1897
1593
452
645
807
579
250
674
1226
766
374
1021
394
1112
1957
23
1183
1399
246
1903
1276
1992
732
912
958
417
1163
1423
1347
1288
1820
1068
1547
1979
1072
513
1435
636
669
408
612
945
927
632
82
122
1737
119
907
425
1849
1289
1711
714
71
567
1299
1246
1116
639
267
1966
1467
1986
49
511
1889
1880
278
1441
1493
1970
1155
885
975
