9644
1685
12239
3017
9732
12713
12398
3790
8143
15791
874
10626
9525
2333
12936
13222
5925
6818
2643
12384
4523
819
4696
8346
3988
7497
7918
13685
11842
8947
3901
5089
6557
15182
8170
4537
7309
5871
11579
15565
2334
7278
327
15444
234
676
10045
446
14537
12773
10476
2102
4498
2686
1148
6173
6694
13271
1253
413
1837
12395
1840
1657
9166
8297
4566
11633
2147
7403
11269
13075
13246
13052
4809
3003
7970
10281
5553
9595
12706
11993
2081
14276
3365
6294
1350
8254
9491
1900
487
5054
11931
6225
10152
12265
3517
10482
14930
6936
1177
6244
2558
16112
6046
10064
14324
15886
15952
14522
12942
10859
859
9653
2947
2614
9949
5512
10506
14806
2825
8252
5055
7986
16068
3745
10458
15459
11662
8675
2722
998
15117
15120
2433
10406
7937
7079
14693
8200
10547
789
7385
12251
8804
1719
3504
9988
3589
3198
6229
1052
2360
14907
9370
16058
276
5677
6507
16220
9763
8499
6376
11910
15546
5314
11154
9698
14149
5510
14340
8341
5687
3916
3435
1471
3105
6476
2294
8831
8126
2920
8402
5507
2967
5767
1975
13239
6052
9963
722
8640
14473
12024
3341
1958
8894
906
1433
9865
13323
10098
8673
7017
9581
39
14603
8485
8493
10357
6036
8308
12790
15677
5325
3591
14188
2729
6326
13687
13707
15612
1126
13409
15361
10897
2100
7789
12174
3264
12847
16294
14611
15995
8196
801
6328
12230
10201
11347
8717
3595
12392
15382
8590
9197
6771
15663
4300
5629
888
13816
12871
15964
797
11550
5499
953
16317
12337
2471
853
3554
1540
10525
6143
6610
12504
3167
1588
7867
2246
13541
1993
11790
11317
14661
7943
4704
14397
9129
15278
5866
13744
8004
3392
2372
6515
4135
15035
2438
5137
6945
15872
15876
6684
11592
6951
6712
1806
893
9524
12846
15729
4797
10881
2611
8712
15232
7095
11926
14225
3861
6596
14825
5204
14535
13894
8469
12862
2603
4854
7072
11356
13482
5165
6170
1096
12404
8330
1528
7688
14612
14266
9063
13012
838
715
538
8033
16118
678
13792
1518
15504
11829
13689
6559
3292
8152
6626
8236
7236
3943
7824
1548
7530
13354
11445
12409
3466
11380
14762
7522
10396
7604
11409
1256
10348
14835
9519
8757
15265
6664
4973
13451
14164
8409
6280
14144
2576
8500
12261
12001
11678
7615
5094
4097
3385
529
7334
10955
2592
2927
2342
3768
3779
4397
7302
12234
14084
4949
14699
10457
5481
3447
4154
13566
752
10270
7227
12454
8859
9675
15305
4184
8907
2584
847
6759
8962
15633
13301
11337
3253
4909
5939
7118
15089
14726
11073
11748
15539
8222
1890
2936
232
15993
4542
13097
1578
9291
5262
4133
7691
14318
12974
14548
15693
7199
11041
4401
3951
9073
6266
10550
11985
7212
8347
358
5623
13934
8845
4735
7570
12780
12608
8806
13286
225
6397
7261
15864
222
8273
6715
5962
8936
3667
10041
14196
2838
15140
16129
13117
12431
12537
5807
14474
13359
2385
3909
2270
9255
8694
5465
1861
14888
16233
6324
7495
82
7916
5474
2875
7545
15214
3540
3527
8360
13098
6540
9641
6214
6689
13706
1971
13408
3944
8312
1582
11800
4912
5954
7638
10172
2273
14036
885
10559
9230
5720
14886
2891
619
4874
12100
3557
11892
7459
230
13629
8816
8197
3597
12763
13906
7967
2015
10945
14526
8026
10136
12607
76
1988
7478
405
9475
2883
12378
12476
15311
9881
15511
3037
10315
110
2583
7579
5272
13465
11234
3391
1754
1844
6390
12613
5695
4334
3966
15169
239
14716
7197
3586
8511
8882
16127
12793
12768
15721
11524
11851
5145
1115
14290
15692
2258
763
4480
2650
3888
9930
10976
15674
13980
13582
8710
5003
1006
15450
3637
4821
6238
867
6702
1409
14449
11455
7792
3436
12954
4591
3942
542
1575
14636
8767
5065
9767
2864
9617
15195
361
13405
13564
4590
15559
13248
8865
1341
10760
2014
11254
11205
10752
15346
9614
4889
8354
12820
9627
11459
591
7805
8758
11223
7332
6153
12317
7139
777
15216
3702
4929
10556
11700
6354
1704
14780
16082
4970
7361
8652
3355
13668
2218
3871
3268
6911
4150
8935
7267
8489
13010
13024
10842
11189
5973
610
15825
12794
3387
5251
3607
4272
6816
12162
3362
10799
10175
13977
14348
42
12469
2415
7388
9916
9314
5396
15590
12106
14437
11706
4140
11513
8296
5863
8481
5622
9492
390
13202
62
13053
15403
12432
13456
5438
14166
10250
13556
71
11932
12892
2596
5942
1780
6653
7723
4118
9596
11916
11114
6144
188
7514
15081
11549
8820
15412
1028
7657
2554
6091
3205
172
5548
5331
11246
5482
11372
4424
4768
11233
14584
6130
13348
6375
15709
15190
4587
13710
12606
1852
8626
6495
5413
7677
6808
2644
3096
15726
11607
12008
16291
8993
2241
5949
9846
2811
2369
12030
3726
11887
7913
9625
14988
6025
4672
3217
11299
8288
2280
15364
11530
11061
15849
16286
14177
5946
7992
10574
240
15191
15383
10125
933
14136
4060
13742
569
9950
14750
9805
6896
11982
6899
8522
1454
216
5429
2742
14067
12514
10490
15033
4378
6636
9107
4189
632
832
11331
1954
2389
5414
1613
2849
11039
15321
15566
13385
1765
10387
9503
13080
6639
4879
6504
5209
15438
14766
13166
5304
13502
5689
1261
9049
12622
3496
3454
6526
2859
2573
5135
150
13783
5308
7603
13309
9485
9357
13664
10520
9624
4402
4323
1665
4054
8651
12163
10276
16114
11983
14247
6087
15475
7829
8805
7472
5273
4304
9183
8532
9366
6947
13834
14757
5287
6862
7847
2521
9175
15252
3553
3832
5302
8448
10356
2656
14326
6609
2688
3376
44
4905
1189
512
16211
12195
11934
614
12561
12089
1798
15281
11370
11063
2017
9588
14863
15470
8530
13715
5754
2727
12210
4697
14455
14857
14294
3084
14374
13722
7153
8701
8834
11968
1326
16018
9256
11395
1030
6218
2767
11421
2879
6179
12434
14511
8575
9308
10724
15348
11175
10274
5593
10877
6629
10008
1440
12223
5722
12393
2482
9770
4478
11689
8027
3693
8395
5252
11250
10723
14980
12598
6054
1321
15573
5608
12231
10022
16248
7103
11095
7488
1063
16308
214
2711
9157
8438
10477
5421
11563
719
2426
13079
15910
4754
11112
9803
15961
6135
11649
5858
8468
10158
479
3187
12379
5929
6958
12554
3364
5086
4798
647
15063
295
13511
10465
8076
901
2527
5830
4142
2485
2687
15805
3088
733
6946
13745
7605
12764
4630
7504
4634
2276
970
16024
728
6677
2059
6050
1895
2477
8825
14786
9784
1864
13972
4818
12557
12266
11519
10778
13803
4564
7669
14833
490
11731
746
1080
7698
15888
1195
12615
4338
13187
6521
11402
5736
2189
13911
7012
841
892
1290
10188
9478
4003
926
16210
11032
14413
3215
53
13388
1602
13838
12429
11891
14856
9917
1600
14176
15110
7066
16203
16140
7146
2676
5730
10990
6156
454
14596
1626
13469
16025
6059
14483
1107
1682
3786
14531
8259
15236
16382
9771
14606
16241
12271
8390
13709
14215
13043
10040
13756
11588
15391
4901
15240
14639
8072
16361
7168
12209
7544
14320
771
7076
9023
3579
995
4
13521
13341
9053
12633
15780
13789
9062
1942
8998
6192
406
8873
16191
9221
7271
6783
6704
12552
2556
14029
2690
2424
5339
577
8821
3854
3793
4327
5348
10978
13813
5163
1696
10913
3659
16275
15132
5073
12823
9078
1135
1845
3104
5486
8693
14946
4605
2787
1738
3752
13148
3619
10702
15954
4917
12529
1002
9853
6274
3965
4322
2311
3074
13571
4906
7904
10995
7760
6104
6895
8685
9307
2832
14205
13876
8991
4952
3277
15210
5627
1018
11458
9926
10087
5133
5905
4349
5827
7230
109
1027
15914
10169
11562
3984
13815
1368
3467
5333
10253
4406
13459
1320
14924
5552
8786
6380
11107
1036
7566
279
5457
10057
16111
5265
72
3766
3919
16136
6803
5601
15983
4808
6127
15981
11734
5022
13560
2544
15857
4069
2405
3580
4943
11349
9703
2379
1004
3738
15575
8916
10088
8342
7297
13795
6749
10530
3287
3012
1260
8205
2341
3655
11303
6827
5027
4747
10870
971
9720
5010
14954
11385
828
11956
6312
5109
9392
7580
13260
10021
6661
12389
2261
1998
5590
5478
13434
11353
2949
16234
15540
1968
996
5612
1512
13862
9517
9318
14920
3983
15839
12366
4928
6973
14618
4904
7368
1382
13913
10682
7013
3440
7020
11200
7856
10846
2298
10975
14154
2225
6304
3506
7069
15026
15588
9799
1666
567
16239
14466
8124
1772
5008
8682
3326
5444
5772
652
12179
11726
11636
16103
14367
9605
10395
14271
14518
1037
10058
5912
3947
6074
15070
7217
10069
4622
16193
9789
11560
3863
14654
6612
15644
13325
4214
13104
10793
12911
11648
14711
5570
10590
8404
10957
12723
13181
13110
11174
3370
14062
14337
6546
13525
15371
12079
5306
14743
781
2406
923
16142
8382
13600
15341
1816
975
3054
15179
13209
5916
376
6466
10953
15342
32
9429
13944
6483
12033
8555
11935
7137
9150
10257
11277
1766
7180
12742
13022
8424
13937
15592
3058
212
12917
14937
2816
3086
437
8514
11881
11264
1180
814
4028
15121
14418
735
2073
14434
5545
7911
8232
7599
4678
463
2481
389
4392
8744
7981
5345
16046
16125
8740
12250
8615
11937
14739
1304
16282
9355
7134
7689
15393
12040
9894
10768
5247
128
11658
4631
15915
2761
12147
13829
11834
7654
9634
8181
14134
13694
9772
1299
12683
10485
15004
606
6979
14758
1318
5716
12294
3448
3219
3045
16107
15737
6321
2492
4134
6998
2906
9348
6814
9679
1165
14725
13275
2684
10381
10157
15611
1647
10207
5717
12260
11866
12171
14380
8466
9903
5364
15877
9753
15916
5739
10583
16155
15509
3521
1354
3439
13264
4996
5200
13386
8338
13009
5923
11556
7660
4946
11051
1797
13601
9239
10570
11240
7327
9070
11759
13491
3059
6578
10162
13954
5206
15986
8077
12334
15496
5502
12
12153
10507
5846
5430
11826
14359
15500
8570
5795
9584
3246
2041
15487
4019
2881
11256
14261
3147
1846
15390
5910
12362
8465
10097
2570
12276
3778
7035
2022
12875
9214
13678
2589
7813
13486
12365
8569
7868
15603
14405
14521
1221
9428
15697
2275
13383
1842
107
5648
10267
1421
88
7859
7812
16247
12224
15636
14395
13903
12050
15687
1990
320
10844
5755
5060
12619
2894
8319
6539
9261
13925
3584
916
2751
3031
7375
3409
5841
4380
15276
11949
4409
3260
12015
15711
865
15760
7123
5113
7553
869
8755
7313
7439
14375
10034
5267
3884
10871
6358
13921
12759
1176
919
14110
1336
7763
14560
1311
10115
4957
9281
2033
4447
7024
6847
16150
13321
695
11170
2862
12067
13686
4102
4716
4347
387
9315
13720
15887
15376
10515
1880
11991
16096
4658
3652
8877
3957
1926
8025
12451
10748
2867
11751
6350
2442
9354
14239
7845
8788
7131
6621
14428
15524
13618
3171
8131
12281
4219
4229
3026
8796
3568
6502
4820
15372
1581
2080
10484
7634
3993
9246
5911
95
10283
9238
7869
11712
13883
10180
5657
13633
12139
14231
13531
15814
958
11321
7157
764
14006
15069
16141
15049
14595
9957
10929
10861
12736
10137
12866
1520
3941
6501
13652
11333
5731
1461
15036
2355
13923
10617
3462
2125
12679
15088
7587
3754
3571
4738
4448
2305
637
6168
16134
3705
14836
7640
1634
15600
8292
11350
4950
282
3958
15043
5759
11326
10787
7084
13380
14159
1902
2086
9141
15113
7107
827
256
3657
10303
8926
13297
7508
8749
11620
9818
1276
5283
6176
5214
3008
5964
11135
5953
4400
14638
4391
15272
8324
11008
12136
9014
3886
249
6805
12097
651
10643
10331
541
348
13891
13023
2152
4941
12208
8939
3977
740
5330
3671
3895
2425
2902
16002
3122
2743
12373
7705
12513
2937
790
11895
7810
7769
11997
6241
6341
16309
12818
14949
363
14516
9506
6637
12438
13947
831
15953
12955
9880
3852
1553
4572
13355
1305
11634
13592
12988
13312
2771
8568
6429
693
16053
3563
1089
11139
6167
14378
15441
13622
5868
1579
10189
11105
4520
12627
4831
4254
12745
9101
3410
6870
8094
10385
4830
13179
11387
2146
4610
8856
5506
8563
8412
14406
10896
1355
1622
6334
10142
12703
5698
15365
4257
13431
5672
14017
6576
2715
9423
955
7565
7925
5424
14871
704
3945
16335
10306
3014
10430
14347
4240
14027
5587
14729
4027
4193
10438
9825
2106
15635
15529
14873
6764
11265
5106
9329
15753
9096
2916
988
1649
6756
768
11382
9048
4153
10111
13387
12207
2629
15151
3383
4700
11515
262
12604
600
14407
2548
2351
839
1783
12530
10011
1756
10903
15310
9467
588
9981
6811
11976
2162
5488
496
11617
7652
1046
12984
5244
12663
7968
3028
15082
12020
11398
14908
4297
10412
6378
2448
11498
14666
2887
14955
9125
4781
3640
10403
8595
5164
218
1933
13353
9699
2093
14931
8079
9537
3528
4837
1222
15835
9859
6177
14461
6721
154
9759
6700
8631
5849
6158
13266
13180
18
9854
9955
12670
15046
1585
14020
12039
4926
267
16256
13701
4163
13893
16290
11735
2953
10338
9421
1214
3196
6016
14485
11918
13711
16300
12025
11094
14141
9442
1910
9512
1690
9021
5761
5947
11392
4736
12228
2148
13414
14487
7893
4171
11335
15867
8580
7136
7109
12941
5884
9047
11879
15551
14809
532
3532
4185
287
8779
576
10447
10736
9651
14778
5940
5458
5452
11757
2581
7149
10678
13281
6027
16160
292
10888
259
1333
9005
4685
10660
11462
4176
14297
14906
2572
15939
10090
8274
15439
9919
11669
13192
3064
13167
7731
3191
2809
10290
4676
8797
2390
14363
631
6369
14444
14031
4954
2858
9174
13708
12122
15245
2569
15367
10839
8505
1361
6537
9323
12982
2098
13987
29
11548
11809
14127
11930
4530
2236
15010
448
5380
7636
1114
1667
9557
9201
3818
12811
5793
9860
6400
14489
7842
9279
1914
15859
13639
12452
696
11543
2454
13776
12995
12499
3771
1790
9728
6545
12766
9088
11415
7312
3046
7067
7784
10163
12985
3799
14471
7436
12318
11593
15665
1125
9270
5773
12734
2522
5524
1980
3324
7955
3164
7428
13090
10663
15661
12576
3265
3077
4166
245
5535
6281
1623
11846
13898
9470
13446
7860
14590
8999
15925
13606
10809
15959
2491
1904
6061
14574
11369
7978
14014
12490
5752
16325
2391
11014
14216
3936
1453
11092
8599
15962
1489
2969
13884
8881
6524
11630
8215
657
5451
14957
4242
9401
4708
8366
14855
12022
3719
14680
8871
166
6307
12324
3491
14968
15690
5809
11911
12187
11413
12690
4534
1159
13401
14890
5704
12836
13837
10332
14121
2595
3233
1863
6330
12275
15852
13878
1404
7895
15141
3751
11702
15555
6417
3181
80
6288
4307
7964
10631
5805
1386
9898
15451
1456
254
1694
2480
5828
7331
10543
14569
4048
4464
7908
2048
1925
5642
13786
10878
1706
11381
310
6887
6197
1262
6746
7344
4503
9744
5944
11774
15720
5176
8990
9633
14571
8814
14054
11362
14391
1793
810
1106
4673
11799
8634
7849
1346
16208
15388
13534
4114
8695
11929
13821
1653
4031
12055
11082
9610
4896
10862
12888
3723
8753
8038
6252
7949
12934
15253
9978
137
347
10405
9192
10943
7532
283
12368
9438
13140
14664
5945
6737
1144
16011
5650
11863
13784
4814
5580
10319
14555
4082
5216
181
9010
570
780
10329
13214
4231
9951
13681
16376
7653
15999
6531
6273
136
11075
5004
10933
2420
14
16128
11792
10954
9935
9694
3304
1124
12304
14801
7646
16072
9687
12883
7505
10437
12908
14139
4937
15306
3891
9977
3948
12457
12542
6277
6906
15163
1817
1800
16216
12443
11108
5829
8109
10155
12593
6314
30
16080
10546
5343
2111
14037
10483
1242
11951
5666
4359
2134
11520
1171
171
8506
6619
2036
2680
2655
10085
2587
3298
4728
3382
5995
10398
8237
15128
13199
7191
14696
16278
13676
7289
3927
2793
13615
11677
13540
4611
8560
10576
544
11981
3876
10224
4680
14592
22
12726
7888
6680
140
5083
16171
5864
1264
10297
11612
10730
10017
7498
10821
5771
10630
520
8609
6784
14885
4597
10424
954
66
13563
4972
12342
3559
8251
5484
11117
12161
11772
8394
12701
8637
16198
10622
11804
14454
8541
8261
6108
3180
6449
2042
12091
11213
9325
659
10612
8283
6878
6175
15103
439
7293
4840
11411
16109
11876
15797
12645
6970
15878
663
2473
7564
10488
15736
689
8756
5859
3656
10552
3290
16263
13583
96
6408
9812
14791
9937
9657
5669
3874
3402
3190
3843
304
15868
2564
2833
61
2678
15822
15770
2257
4461
5549
4758
7671
14788
7471
4076
10833
4898
14841
6574
370
12994
2901
6779
14480
13769
12775
14990
1764
15064
5583
16205
12669
4369
4037
3144
10076
14333
2020
340
3715
5067
523
15409
11177
9528
8331
5881
10582
9319
168
8861
4915
3124
11419
3247
7275
16232
6164
11962
15410
4486
5093
2506
6381
4810
1562
14077
11483
15378
10606
10194
4245
4241
1934
4051
5568
3461
6795
3337
10150
16105
4636
7022
6058
16201
6272
5917
8311
6607
11
7442
5631
12572
8934
3938
12401
15085
6083
8227
4599
3305
5408
5278
2978
12477
303
691
2642
11605
12899
3982
6010
14156
3283
887
10926
2293
13327
14838
4674
5259
7208
1060
10119
10540
16088
12158
15882
2292
2964
12882
4793
3845
12467
3211
10505
10938
14600
2903
16293
1959
302
9548
3804
9011
2850
7991
1689
7831
3238
4428
7104
4281
11642
4807
13713
4483
14025
12760
5476
3862
2578
9407
14830
8792
15856
14254
223
6106
25
6833
3653
5006
1380
15296
6329
1319
9349
15145
8477
3178
4139
15941
1828
10441
3535
2871
7259
14218
12868
11403
2847
10999
3858
4544
9990
1342
13285
12565
15510
1023
4524
626
8061
8298
10721
4306
12075
9837
9215
12119
15811
14713
9620
15970
8924
1660
15919
1787
11261
14794
12525
13619
5764
8371
4815
9369
13304
2932
5543
13661
12257
9182
1774
8239
16052
14445
11083
9385
15016
13356
8257
12031
2219
4434
8063
11632
8817
9474
7255
466
3824
6525
6282
6240
9621
5758
8548
10164
10864
2321
2968
15967
15685
11787
3881
11745
2179
280
15637
12550
1375
9663
4718
15386
3992
5261
6319
4248
396
79
6566
11006
4959
10039
950
11903
9751
14009
15975
8431
5035
10529
1607
1455
6048
14657
2400
6770
5810
13818
6181
11149
11755
11314
16117
779
981
5298
3770
9888
2501
3931
238
1079
8219
11627
10789
7675
1388
14769
3261
2669
14102
15034
445
13994
951
2922
8596
14761
83
2760
11502
10586
4826
10233
49
11875
13840
10848
15707
11062
10020
9600
3954
6663
3868
7062
7767
9371
13375
709
12864
9936
16250
12918
10901
4370
6482
15291
7
7822
13145
3734
8294
14929
2697
13126
11018
9402
123
15667
10840
12534
12155
8687
10960
9117
7409
5837
16213
5978
3108
1446
6291
2812
8290
6309
13852
392
1390
11535
9368
15821
15377
12521
13288
15706
7125
9661
6088
6963
873
13420
972
10426
7272
1238
14941
7263
7716
7406
9695
12957
1755
7430
10918
12715
12834
4547
9553
8883
6065
3526
12092
7480
1219
7240
15742
9356
4344
11821
15429
10262
574
15922
7905
13865
7796
9142
2291
5034
2
16356
9277
7989
11758
11533
14787
1059
6867
13191
7206
7204
10909
86
13949
7823
1973
3624
145
4282
7729
4993
4479
1244
4687
5160
6980
12062
10029
4018
14369
7915
9489
16367
12405
10514
442
1414
8901
15629
4305
2778
10351
3128
15012
13879
4526
11945
13682
308
9664
10775
15596
10584
10654
15866
9817
3686
4104
3630
15608
3438
7100
21
11898
15704
4613
4553
14019
9024
10571
14072
10352
6109
10227
3787
15018
1325
8427
8166
10178
5975
6843
5518
3129
10487
7857
11145
6744
2302
1517
3135
7396
6593
4137
15928
8800
11713
420
2278
13252
14507
11334
10670
5892
9590
14447
1827
4767
15863
4431
13612
115
2458
8010
9494
5275
7972
13364
7394
14138
11990
289
10427
13158
1145
6688
13480
16139
12515
7251
11077
13464
6568
3159
8657
4927
15907
16269
14372
8457
6530
5681
371
6600
8426
15327
2944
5705
9365
63
16051
2973
14484
1297
2063
6084
12932
11897
1385
15739
2719
11151
9923
13718
7292
12182
6711
4022
3549
7171
12956
5497
9724
15879
10536
14795
4602
9947
575
2780
10533
11339
3366
11671
14607
4533
15577
2301
14291
11071
4867
4164
7265
8350
2631
7284
15454
2854
4948
6243
718
14366
11752
13124
10275
12311
14491
360
5592
7185
3621
4374
10779
15431
447
16003
11832
12143
6172
8525
12267
2114
2127
10254
8127
11971
8275
8768
11546
10334
16227
13021
5900
1991
5084
15396
2309
7539
3762
10987
10362
6742
1866
8479
16062
12406
4682
12676
1854
697
15148
9436
6584
2980
13016
9029
10289
15443
15655
2455
3742
9071
16352
9496
14789
6267
4632
1659
11030
10012
5546
4290
5358
1608
7853
11207
6674
14562
11243
3756
11093
15314
1278
7871
10522
5511
6561
11002
13308
10500
9884
5670
4437
11218
8463
7919
1762
14819
2319
13103
2885
5857
6463
9910
11471
4390
8835
14238
7934
14443
6614
3808
14651
16351
11641
1285
12284
11721
11537
11492
11332
8136
10235
229
15574
14197
518
5875
1885
10841
15648
6442
10563
90
11171
3826
403
6904
1555
4316
12245
11056
3844
12363
15239
4346
4790
6001
5825
4921
5391
9012
13298
8408
1309
13273
2535
11394
8612
15570
9276
3986
6733
11591
5517
7961
785
2996
1857
6583
608
12186
7848
12673
7830
755
13219
14828
1376
13747
9020
5131
6161
15527
13517
8978
15973
10566
1618
14171
13397
3445
5982
6455
1228
2658
14605
13869
6652
7496
15684
16020
7124
15671
10176
7734
13702
6738
5307
13704
13529
4787
7028
11391
4641
378
15731
11509
5876
2308
9162
976
12650
2695
242
6624
1351
7152
7658
3511
15992
13444
3061
2507
4638
10373
5903
7509
14683
10388
9516
7648
381
6239
9331
4930
2718
16323
5139
8108
404
13743
8764
12262
4122
6190
9367
1403
8216
3732
4506
11275
10372
8117
2579
5801
5762
7639
9030
4255
13216
4094
11054
7354
8286
3185
12831
6938
5636
12931
5138
15658
13256
4500
4819
13150
10216
7674
1601
7264
6984
5016
5813
14945
736
1542
7798
7414
10611
13120
12146
5455
10558
1245
5878
15336
14412
9500
12600
7719
11300
4459
13460
14302
16027
7515
812
4175
10294
13439
12202
120
10988
14760
14807
6548
15114
12200
8866
1944
16007
285
6873
14881
7555
11355
880
4157
5932
2607
10159
8945
8009
9469
14848
2088
11231
8326
11889
9913
4893
8295
6522
4356
5112
7244
9608
13508
6033
16366
10496
15312
6854
10296
15109
12639
14860
10397
8518
2083
8328
7668
15990
12675
1239
2897
9205
3850
14046
14180
11545
1591
9209
12547
10376
2842
6942
236
13292
15940
2330
3684
8320
6145
14268
10425
12826
9689
4884
9616
9726
9719
10310
3614
4499
7683
8763
11192
9137
14021
15055
16271
15945
9480
4262
11825
8557
13345
13586
5616
5523
5660
16186
13142
7610
5880
13775
9997
9267
14919
4303
13178
1034
8405
11291
9754
16177
6588
4123
12315
11697
5296
13500
13318
5915
3546
2749
15831
7597
8970
1573
3393
2362
15745
1834
9145
6260
4871
15890
14608
2781
2721
6550
12990
12399
10632
11228
9434
702
5238
11987
5404
5509
742
9545
2699
10112
13189
11037
14482
6861
7524
14632
11722
12185
6403
5329
210
1056
3193
14722
3680
8008
13358
7741
2250
383
2339
186
8036
10287
15362
12925
14935
14129
15380
11852
15328
9639
13442
1314
11574
6850
9872
14834
11286
14425
11472
4362
12935
11422
8220
11216
6377
14035
194
7451
3537
6735
7310
9635
546
5196
9790
9466
1997
9324
11972
11142
10947
13278
4855
2909
12508
10905
2977
13449
444
16244
3228
4907
5046
5854
15405
1215
13151
10121
14547
5624
13670
9153
3386
12929
7285
7510
6138
15375
2274
2178
10958
4509
6355
4979
8504
3430
5888
228
5928
1216
8567
13671
11952
10182
3344
9861
1435
9136
2217
3377
7019
13067
8537
14843
2336
3746
13882
10524
8610
1592
1695
5744
480
796
408
11040
13641
12427
10063
3837
2766
13665
4197
2982
643
6993
15894
4117
11049
6420
9536
14199
11000
5477
3879
8502
8415
9735
13206
12748
6351
69
11801
13845
11841
4286
8731
9993
14023
6656
5468
4953
3056
9180
11590
767
10031
8876
14783
14921
5768
15304
12991
8005
12692
9251
11788
3327
2543
714
2890
3613
12859
7231
2779
4806
13450
11596
8842
10963
5541
6385
6270
3470
540
10692
9435
7945
1307
108
15718
6903
4844
14368
13888
14568
9417
9042
3648
10229
7210
7382
13066
5118
13184
9297
15883
13773
9886
10575
2528
1418
5294
9149
6142
12661
7811
13054
15480
9975
590
16229
8668
10138
1423
7954
11795
2049
3812
8864
4343
13047
7713
4335
2675
1635
8822
2380
9632
6007
5751
3405
5710
10964
13102
7899
4774
14429
7200
4165
12902
12786
12611
11865
3150
6696
14386
173
4749
10094
10218
15442
5576
13981
5471
615
8581
11618
5874
6528
6780
2116
12573
855
14232
10977
12560
3457
6909
8886
14956
5684
8783
15526
10890
7595
11208
6452
7861
13347
13328
395
1353
4594
1760
10983
13909
12638
7156
11290
12789
14798
6075
6464
15
2725
649
8042
3592
2912
14543
5688
6205
5737
502
6641
13391
294
9742
13602
854
4373
13547
3708
11252
9471
471
9836
8908
3581
9781
5516
7774
1007
12750
8987
1
8120
7762
2740
11297
8927
15273
7747
5756
15289
1322
11133
7089
11463
6886
11913
1509
15478
12164
11298
7540
1183
13474
5621
8718
7877
6686
10874
6552
7793
1209
14085
11096
12253
5450
16066
13616
12657
9025
10299
11121
14558
7475
16188
9649
4748
3053
12979
10936
8344
7189
10380
503
15235
12522
738
921
1799
620
11058
1568
9628
10588
1530
2857
5435
11776
12038
9298
7543
16257
6099
6
5713
10005
13679
9811
13814
15569
12922
16343
673
1011
9269
11374
8942
13631
14408
8149
14505
2281
15086
4516
3325
11328
10326
12978
5894
14905
7745
7372
4460
8044
13257
3323
13705
6866
4688
2486
8798
13138
15713
6415
2575
12500
15748
2807
14706
8374
4269
14468
12533
5503
15949
12797
2955
14747
6182
14637
3378
13963
13045
9505
13282
9890
14354
517
12069
8635
1892
2776
7988
1964
13948
2672
7059
15165
1584
14877
8199
9540
13506
12246
7667
4761
6990
3518
7755
4851
4033
3093
1496
205
11683
12288
12177
2307
4555
346
11494
4935
4075
15701
3574
2359
6041
11921
909
13418
11288
15017
14183
1529
1821
8559
15900
2541
11816
5921
7590
4011
3315
7917
7655
7752
8160
5997
3176
3747
14960
14329
6154
4007
10526
16288
14278
139
9677
1919
1045
14589
13319
5889
12044
13235
9574
2173
6996
10503
4967
15664
8255
12344
16379
11178
13677
6825
8509
5432
2736
10252
14687
6356
9769
2654
11378
10537
15506
379
6718
3995
14307
12051
9601
3643
5626
3720
14858
12586
12446
11344
9542
11594
9816
10997
4023
15421
14897
296
12630
7862
1832
11035
10887
7102
9755
14779
14490
9933
8062
15617
15408
14421
14646
6342
14361
5598
6373
7099
8379
10321
5490
14310
14258
309
4132
13171
14717
8760
14016
9095
7068
10699
4835
1952
10364
1136
3838
3639
15786
11510
15830
15728
2205
12219
10857
8874
4443
11805
12254
9571
13587
6800
7047
2153
706
11386
2981
8051
11613
5229
2343
9835
4504
6665
4583
498
12214
5515
16077
8611
1274
14875
13279
12126
16277
10279
6592
1963
8607
7165
4489
3299
6419
15130
15638
12953
4677
2444
11428
15645
1522
7933
2207
6553
2327
9665
6136
2064
1519
9520
4253
5693
416
3111
2553
1317
11116
318
1570
15356
8828
4077
12594
12144
3687
11249
13767
8667
2139
14649
4096
4626
14497
6690
15989
5103
8906
9532
7464
6766
13736
13156
3411
7696
1638
12082
5221
8381
10478
16258
258
9850
275
1670
2804
8284
16031
12602
10422
7799
13094
7914
15333
1874
4540
13656
3829
11186
12712
14741
3841
10379
7519
11817
13562
12900
4095
1859
9707
14145
6710
11753
8920
15174
4791
8823
4038
8078
15958
6371
749
561
9619
12495
6560
12779
1469
10845
4294
8738
12134
10531
6335
11384
13376
1594
3225
12289
3145
12309
277
5041
13493
11284
1258
14287
15650
730
5537
13932
271
12870
12519
889
12901
2350
12770
3622
15818
3573
5640
5402
8384
2662
12891
5459
783
1497
1295
5742
11389
7351
12791
10204
14992
1237
2203
5217
4342
5423
14575
14659
11143
7243
7040
12426
5021
13130
12386
3319
2924
10786
15477
12646
3917
14477
11746
15790
1223
12433
8023
8854
4044
187
10049
410
14723
14365
12441
14083
15347
12998
7628
1364
6673
14257
9339
1501
8253
11119
14987
14269
10288
13430
7924
10448
1982
6071
9546
14840
12475
2238
15300
6427
5264
7523
4393
106
12996
8498
15359
8195
15274
5961
10886
12335
6221
16297
8260
4079
14459
14846
12256
8510
13165
7749
13488
14572
2933
16028
11619
3241
12113
2323
7680
10183
14947
11327
15133
14126
645
3310
12052
10629
3633
9262
8748
4395
4235
16334
12353
12111
4050
7701
13276
2052
5619
5899
1587
10661
15564
40
441
6379
2345
8957
14206
9761
833
9335
12168
1700
15301
1393
15202
12968
4786
435
12381
15406
9795
8188
5766
12300
13046
4729
636
6785
1391
341
4220
16090
15208
14748
7142
9535
15776
3604
11595
10285
15881
7417
1306
15059
11184
6382
4420
10223
7817
469
14250
14655
11717
10885
11797
1140
9945
1192
1051
7724
3090
10784
3962
9752
1078
9678
8075
6657
4800
3898
11905
4944
11693
10928
4215
14272
10658
15508
3302
10970
5913
15338
7446
5254
13119
1721
3996
12226
6398
7283
13763
15812
743
8722
10355
8238
1055
7218
6044
7910
13457
8168
15320
6563
7011
7547
6484
9022
14155
514
8790
11132
7002
12784
3677
4859
10236
3286
15530
1709
7169
9704
13899
10071
5792
2324
4422
14213
9178
6320
10377
4008
14701
1531
7447
692
13061
5832
7213
9108
4712
9191
12006
6769
3474
15075
1246
13186
11570
9381
14469
12939
10436
14106
4763
1248
12705
9187
10148
4091
9249
15554
14662
3545
12361
3926
8503
6542
13101
3904
11732
13642
2329
15234
6286
11581
6014
10367
2124
11674
8801
12709
6798
15011
174
7330
7402
7325
16353
6278
10415
2874
7362
3139
10889
12825
6471
75
8034
12087
10683
12597
4842
15211
14195
13768
4604
12058
13065
961
16169
12719
8193
9844
1484
3920
14617
1778
13733
16365
6918
11508
14923
9170
15495
7027
3750
6148
15528
15924
11118
5806
5281
1603
7975
13003
10942
9814
15074
8228
6962
2094
9133
3412
13653
1918
10461
9858
10431
7649
13637
4575
6518
7574
2375
8709
5632
14918
6793
11880
9364
12135
7148
9406
2130
11692
13019
4548
15158
15899
6340
14628
9607
13461
14533
12338
5924
10077
8902
11272
10625
14621
13940
1605
4141
8968
2896
1348
11069
13174
11684
8028
14486
5049
14056
2591
6500
14675
4152
10814
10197
419
562
8515
5403
6705
10665
5393
2164
9578
15977
3516
681
4149
1139
1674
16175
112
13185
1101
13153
4236
1132
6613
6368
4511
8958
16074
946
7389
4228
15006
15853
4016
3460
4846
6577
12423
4769
12425
8535
2313
6213
13734
391
14702
9599
4355
4694
7093
11587
11958
14601
7150
8133
5575
15345
9110
4624
3565
10001
11099
7743
13352
16079
12855
9426
11818
3798
1734
89
3692
5542
3038
12927
15806
7878
1978
14092
13331
3714
12150
13063
12483
2408
6875
10337
8670
15676
14581
7582
4565
1280
12700
7890
10309
12258
7268
5840
14744
3596
842
1715
10032
12501
9911
5856
15624
3673
580
14689
6869
2025
7852
355
15807
11835
10893
10899
4156
4053
7329
15146
10780
15841
9991
1687
4004
7764
1651
3749
9640
8021
15768
3918
4035
11236
14587
6171
7177
6486
9084
2071
10284
14625
10019
2773
7909
6519
15699
7355
1773
7974
5105
5080
7807
15084
10209
11691
3524
10185
7226
9976
326
2664
15308
12717
328
10579
7173
5369
6131
10007
1210
2026
820
5594
6160
5564
9210
15028
3329
10037
1686
2464
8708
10411
7080
10390
12752
12884
4885
4384
6399
8392
8846
4875
7785
2122
13060
4128
8985
641
332
1444
16055
6991
2419
2499
13429
2925
8158
1254
3079
9463
1939
1891
12969
7004
10179
15550
14540
2712
2764
2529
6544
9195
9344
12562
7175
13830
10086
14456
15123
15093
6067
8460
12943
6292
8428
12746
10345
2368
3476
13095
9128
13435
6310
12220
3897
165
2747
2053
10451
12810
4539
13030
9637
8992
7733
999
9593
10634
9669
1776
8024
15810
12695
11466
14953
11667
3161
14331
5198
7087
5195
8959
6880
4404
4474
4557
13113
2478
10695
2681
13188
10843
8243
5538
15374
3110
1344
11191
6889
1699
11521
14567
124
6926
9931
15137
103
9441
13377
15571
7928
2206
10937
4067
13750
167
6762
4333
911
3755
12971
9247
9061
2243
7493
9035
1763
10226
2958
822
458
13400
2694
8691
1759
3728
2991
12018
14222
2772
16154
4211
7404
3587
2181
8600
2957
4173
11496
5026
1372
14303
13657
12236
1701
1275
7707
5653
990
12212
5309
14191
3281
6216
9667
802
311
6976
13479
9464
2072
7392
9418
4789
5428
3011
3848
4298
1703
11960
12644
5110
424
15489
8762
10644
629
438
6468
9461
9643
2331
11701
621
11452
3775
5610
5386
8683
13490
5096
5485
13048
753
16048
7232
12396
12442
7501
2090
5539
16350
6013
1506
2508
12053
8145
4237
5802
1466
2439
16328
8812
1296
10653
12149
14330
5674
9258
14619
9645
14221
9286
5920
6077
915
6821
6633
13825
13099
5566
1808
826
11338
13609
698
6212
4639
3802
3534
13040
9609
2068
9682
2402
13001
4071
7936
231
4617
1672
125
2340
7814
14377
11074
12801
15851
8742
12314
3934
10272
5312
14986
830
220
6249
15809
14317
8826
12754
10681
6003
12544
12648
7489
7416
8601
2051
1789
8726
9973
6695
13350
5581
11862
11495
11085
12907
8086
16312
8773
8440
13230
9788
10464
1648
3594
1614
2979
977
9440
14153
10065
12887
4623
4106
8370
7290
5614
9882
1360
14668
8201
15226
7552
11115
10314
4987
6556
15944
9134
13604
1723
8739
7527
7896
8492
12028
8106
8113
2087
12487
4270
15691
10494
7948
9833
15330
4345
12549
14972
6876
14682
1930
4586
6608
7953
11432
9723
12465
6931
8663
7571
6488
11161
2488
14198
5119
11785
7656
5023
1937
9855
11255
5460
816
8372
2758
11604
10796
15222
47
6714
15176
12702
3396
12976
3835
14208
8628
10404
3115
14190
1450
14043
10510
1234
10511
6575
11802
13864
7666
5347
8006
11815
13746
11531
5908
11523
8107
3570
6562
10144
7025
4796
9827
11148
13735
11475
7946
11330
8335
4823
1543
13163
15324
5819
15548
16219
13667
14803
9592
4366
8725
7717
9962
11666
9287
4757
13205
12274
6283
13523
9488
4252
97
2459
8494
2601
1639
13329
4671
9892
13915
15514
8789
10324
28
5324
2525
7419
12140
8103
13462
11005
11183
7321
5379
2031
6871
13339
1026
3490
7939
11682
4980
1650
1908
14292
335
9343
4870
5470
3906
1909
1143
14610
8301
5147
5665
6802
5124
12509
7336
13812
10402
7836
15767
7003
6264
3961
1291
6080
2431
8132
9685
5352
559
15402
8910
6650
8067
10129
14538
6670
4330
12034
5282
13381
9582
15583
15483
3132
13828
7730
1847
5410
12323
8012
6473
1188
5667
2796
3583
10053
8899
2066
9259
1206
5753
6505
3674
8903
143
13332
357
9974
8975
12873
9522
788
4203
7198
10902
10219
10051
1532
2762
2624
15267
3202
7548
3538
15124
14913
1150
336
14024
8377
5000
10731
4477
2634
13357
7631
7096
8310
5620
5651
10834
5375
1031
8646
8262
4083
4058
10884
8778
8363
3166
16070
11262
13086
4642
12390
13029
12175
2029
1826
10074
11882
13412
9211
7678
8769
15325
113
587
16197
4849
9100
3760
10269
13042
10389
10101
7959
1349
9273
5284
878
3979
10363
6534
13085
4546
48
4124
9388
7359
9041
461
5013
14849
7318
7260
12570
12346
563
14985
16190
13757
4615
11626
6315
2468
5305
10248
5199
8641
7147
15423
8231
7503
6068
6649
7839
13129
6857
10621
15207
5081
369
11623
4693
11473
9768
7635
151
6073
6111
16099
5151
2383
5005
11438
6433
11120
1503
8614
8585
1563
9389
367
6907
13225
221
8221
4862
14424
4494
4206
12952
6678
11984
4753
13982
10807
5800
15752
15675
5132
5245
14022
15933
6306
15037
11136
12517
7616
7706
2374
5443
14259
377
10860
6888
7609
11319
14140
14861
505
14402
5042
8074
1549
9785
5335
12916
14000
14784
11828
3823
10140
5072
3872
247
4709
7506
7756
6081
7335
14730
14805
9780
13372
16330
2476
2456
15698
1199
11423
16153
5461
6446
2174
12375
7569
10965
6064
1893
8455
15434
1425
4179
4418
13419
1184
12130
9778
13135
7485
15381
5968
2212
2732
7063
5844
14013
6049
4612
11813
8467
16369
522
3928
7876
10639
14559
7179
7642
3092
14821
7431
4042
2820
9511
3791
10996
12387
15229
8512
7517
6932
14082
11660
5346
14170
3071
6233
3336
9739
4103
1822
11302
8904
1527
10961
6773
10453
8230
4201
11970
15023
453
672
4505
5183
5405
6549
14400
14115
12408
1088
10904
8544
8680
5334
9745
4456
10717
9747
12685
4289
2649
782
13666
4421
9680
8524
6855
10824
8839
10956
16147
12721
8660
13553
13241
16014
3186
5225
1611
1992
1099
16380
1741
8553
1032
12159
14842
4430
7686
4669
465
13854
12844
455
7800
13933
5051
11656
2738
5559
8747
2176
16084
14813
12354
2227
3515
1888
12845
9072
1767
16341
10127
3278
11657
5387
486
2639
1702
7110
7586
12999
6752
8655
12571
11944
4975
10308
2320
11029
2806
6248
9000
4562
4955
9915
11237
1819
8208
14251
14604
16035
9822
7593
8376
12071
13902
9580
12877
8315
1931
12329
3339
13384
14111
6115
10513
12218
7927
8146
8952
5014
7621
13133
5599
13006
5565
15788
6318
7249
10120
10633
1865
11890
10798
13183
6741
13089
9848
11238
12612
4519
8090
11501
13247
6787
10081
10298
9292
9360
4452
12357
6985
2126
3494
8940
11052
5162
11995
12965
3685
12697
11730
7512
4723
5473
11885
15313
5890
6532
1119
9948
11020
1014
10863
794
10066
15188
13599
10708
5288
8912
14502
9202
5723
14030
12832
15095
3974
815
583
8040
14963
470
15286
2818
342
16152
2315
4169
15258
15581
3910
7337
12629
7082
15058
5904
3034
15965
2411
15972
15502
3063
13647
10361
1211
10232
549
6536
3493
13848
11848
16267
134
11716
12148
10443
14128
15464
12096
4451
13841
7101
8733
10722
4839
4913
11654
1257
9802
14818
9376
12249
3994
4513
534
2290
8134
2636
7270
5483
16086
15040
9958
8064
2606
1207
664
2503
291
2567
3213
7143
3816
12340
10705
12330
15052
8851
5797
13013
7592
2184
952
10600
8116
5690
3729
7083
9379
6418
2945
14123
1233
15472
8829
13907
4313
6722
5556
6336
3789
4309
7578
9114
13758
4892
627
11610
7827
9280
5397
7378
6434
14573
14882
6571
9905
11141
16065
15947
13659
1684
7364
1104
16279
683
6615
11551
3964
12718
13574
3358
3541
11740
12617
5604
14131
10080
1557
10672
6969
11902
3479
10504
11147
9820
13245
16327
6826
5392
10123
13472
1235
180
6953
8456
3015
3907
12095
7448
3480
3415
7690
3280
10271
343
8175
800
51
8558
1141
12807
15517
14731
15298
1227
12502
1048
15111
3956
10589
14776
1111
2105
3153
13559
12716
15096
11899
9076
4581
13088
8156
603
6021
1240
12272
2637
12852
11464
13594
2928
3864
10383
4627
5554
1016
118
14998
2132
3908
11638
7483
10423
14927
1224
8198
15102
5401
9199
13961
3531
5531
3949
5823
2974
12435
4308
12268
3009
10664
14719
10091
10131
7250
5189
4880
13827
12359
13152
5909
6235
7135
1083
6917
14015
15009
11146
2616
9171
14114
1999
14158
761
2371
12388
1813
4036
9303
7777
2610
941
16022
2484
11711
3060
4864
1936
15598
10604
7727
773
9004
9960
15417
1470
6757
5351
13579
1316
14167
804
4538
11278
85
6913
4432
5979
138
6333
13314
3420
12765
13473
2404
3716
3452
4045
6846
11310
5630
3880
15329
15653
10838
6872
5676
11907
1750
5157
13660
11781
7021
10413
11064
1324
5236
3603
13005
13208
3551
11166
15908
13927
6829
13730
8317
8118
3423
4232
7060
4816
8049
4383
2733
3350
11854
2724
4066
13807
5389
9204
7551
4276
15957
3384
7976
9299
10557
572
12102
3664
11529
15923
13857
12041
12352
13952
12080
12689
13810
11925
13428
2303
12043
8323
9181
15432
1094
4457
12783
4574
14002
1359
4087
16302
2538
13018
3761
14519
1053
10187
7931
1086
4471
13300
3367
9112
9186
7219
15679
12585
10792
8447
4773
7886
10135
7006
1903
1621
4640
13516
14202
15725
14243
6982
11948
2716
4441
1166
11443
2363
8037
11561
14161
3985
8332
982
3374
604
1662
6208
12805
8746
9697
11886
2055
5374
15889
14996
7345
15912
9941
9722
2467
16032
13238
15233
23
10166
8561
3694
4962
8928
12727
5638
13580
4560
3691
7065
11287
6255
397
7357
6647
15680
11744
398
8135
3
8400
6296
13819
3978
3902
68
870
12374
13957
9615
13617
14695
15275
14648
8546
6057
5885
3314
3555
121
8501
9810
11589
9208
14193
13728
9729
4125
15323
13645
6955
5180
7951
910
9290
2060
8656
7694
16307
8157
6114
1100
14274
3606
2710
13969
4535
4635
7316
3940
12921
3552
7870
15777
10409
9760
14047
4032
3697
4311
2230
9045
11470
4090
13127
15956
5018
6472
14453
2802
776
8787
1836
12233
2799
13774
297
6925
5584
9730
1073
1561
2546
9842
12125
13224
14978
8895
14120
11497
13220
11924
8180
9626
5355
7818
2092
8293
6095
9079
9766
10214
13007
1039
4475
8930
1920
7032
7738
15696
13031
9989
5191
9737
12017
2876
16255
13764
13134
4178
8174
6134
5315
9656
2904
5835
1407
8972
3156
9658
3227
8838
7715
5785
12076
9857
15519
4887
4699
15073
5709
14172
5926
8280
11222
6193
14824
3321
12402
422
703
2449
3788
8386
4183
5181
15076
9961
290
7039
14094
3052
14670
10220
12653
3972
7091
12035
8997
14764
1495
11430
3114
3006
3252
5463
6898
536
10912
7279
15455
4958
10770
8355
4180
11506
12328
2056
7045
12895
12802
12817
14233
12503
14253
2414
4288
12215
4501
8226
5045
3641
11306
432
3119
9529
4331
759
15054
15503
846
2707
5149
927
10569
4167
5654
9777
9764
618
8333
15065
10854
12341
2696
64
5274
15332
8410
2810
936
11583
8365
1782
10521
11864
1103
14387
13625
8497
13051
14168
12610
10343
11401
8724
1541
2357
2783
8841
840
316
16057
1726
6203
12959
2513
10370
6651
10486
5125
7122
4285
15584
4717
7158
13696
11856
5190
5585
7894
13675
15493
1093
2900
2434
7887
4194
2748
5237
2430
2463
10894
5475
16137
15580
5842
10492
12777
8662
9852
15799
5976
104
11637
13974
10866
10177
1714
10070
8125
12397
15618
5033
2770
6394
2286
2009
8836
3237
13572
7891
16209
102
6729
98
2930
9271
2483
7473
4326
11527
7202
15136
10165
9098
9326
10895
9060
9879
4324
9873
6667
1923
5765
10349
2794
1629
5606
5984
3925
8268
6698
6681
5226
5573
6558
557
149
8263
15904
2461
15354
5050
10785
2283
10773
1467
1338
14116
10539
9484
4848
9453
9069
8528
4559
3618
9220
4595
4147
7718
12951
1500
2306
10259
15244
11761
5091
15056
4423
1402
3575
2509
3780
12804
8279
2835
3013
11084
15030
11185
4138
14504
15223
3767
8018
14381
6215
7437
12026
11635
4997
6699
7308
1399
12816
10974
418
655
353
10553
12493
13766
5647
1009
1284
8961
15175
8432
6523
10968
15183
15567
10776
3509
452
9404
12923
8696
3137
1251
12138
9352
4805
5053
6062
11110
7077
10497
4181
8913
10
12269
4436
7371
15826
70
5869
1186
4834
9372
1761
2160
9086
3894
10709
1735
633
14685
5063
8214
1877
7620
13755
1162
10382
8385
6810
5873
7397
9889
10623
8811
9312
5796
11499
15044
707
11576
8974
5655
13655
14373
6195
10191
6940
5646
9257
15307
12733
15334
11379
4750
11961
11033
10307
9027
1894
7998
15322
15287
11575
6017
5052
12849
6606
9851
11076
8464
6892
2494
10190
15622
8285
462
9834
3271
8761
8002
12385
14344
3041
3229
5895
16157
13716
15626
5989
4372
13761
14506
2511
356
8281
12924
4416
12428
7129
13849
7121
2010
6129
11784
14321
11547
7601
15906
14237
2709
9692
15858
12011
325
7154
10445
14969
3406
7794
4190
11239
6090
1969
12732
14917
8340
879
7969
7754
11896
1084
7950
2685
12472
6631
15875
11675
13038
2502
7454
13904
3450
4760
3148
6443
1392
16254
2287
628
15317
13724
11016
4186
10231
10414
12878
12842
12684
7221
13628
1718
711
4804
10067
7987
7380
12861
11301
2790
884
1057
12413
15318
14709
13771
10256
9845
15929
11440
13177
362
8101
12577
2923
6284
4592
573
9147
7889
10711
12056
10790
2156
11486
156
13779
10603
14018
9690
9300
15838
5061
11172
9394
729
12316
2393
3251
9999
7617
7737
4910
213
15880
3353
16180
11446
15683
6122
605
8967
8173
8923
4086
1675
16206
13149
10815
10948
11090
8582
10195
5935
778
5388
3658
14691
13128
10967
798
12377
6726
9561
10173
11153
12813
4221
5357
10994
13683
10509
9384
3201
13015
9908
8
8247
2157
1417
7450
519
13867
16019
12890
5820
11994
14753
10512
1641
16008
3318
9922
2992
15754
9925
11558
5644
3309
14995
14181
12206
15227
1102
11481
15127
11034
8249
4388
7875
1282
2346
9748
16115
3758
14565
11418
7160
13926
12972
6720
11974
3662
12634
13938
8453
3499
6461
896
16298
9715
13492
3631
14700
5589
9660
4081
2137
6908
7885
8437
9895
8096
4088
13649
6146
9758
1092
15157
11803
9987
12944
7864
9490
3487
7145
1110
1610
11873
8184
5434
12244
7732
15200
7116
7550
15827
3242
902
9483
2914
8462
1985
7363
15724
3049
15255
11874
5341
10055
623
6772
37
16089
15447
14663
11946
11456
13399
14870
8401
13361
2931
13062
817
1337
11767
4683
3182
6112
15217
10609
7111
13950
1420
7187
477
7367
10246
1335
4744
7300
4780
9567
1513
10078
14915
8677
8055
12857
3390
9510
7751
13234
9224
13293
13896
6755
8799
3165
12498
10922
6426
12027
13272
9659
5418
3740
1849
7865
16138
13445
182
13607
4772
8265
1970
15884
14643
11698
1374
7614
10018
237
3272
10128
12960
9398
6685
1916
10825
7834
10374
169
8669
11469
14932
5120
1457
13737
3730
15413
1927
2542
2574
994
10868
10855
1669
16310
2691
15501
5194
3625
152
3080
6409
5187
2827
13762
10036
1378
5582
16287
8123
9808
5322
14342
15020
15507
2851
10849
10118
5664
2708
4742
364
5990
12127
9302
12827
4225
8070
11388
8128
8212
11729
5173
11737
6454
8810
5007
2822
8813
5437
7055
93
1473
8452
12668
13859
1757
2325
4507
14382
4510
6411
15185
13636
5702
2409
14322
9550
16073
2121
16212
8362
5250
5836
14289
15152
15097
14169
4984
9219
12105
7317
7018
11434
13100
12792
10777
924
2702
9026
507
14642
2232
10914
5572
1751
4931
4182
13692
9636
10693
200
7753
12456
15215
10829
12462
11939
14452
7938
13858
127
584
2514
2012
14944
1442
4280
9927
2427
10199
4247
13738
2034
6262
6060
3883
5847
1070
4998
12312
7542
11840
1482
12070
11763
9044
7034
14974
14125
5555
15369
7897
2401
12287
3649
5550
8588
2143
1681
11893
969
10132
11628
14109
2524
8176
11778
1334
3120
472
15525
2183
11525
14223
7776
6453
55
1479
2338
9001
8545
3069
3208
9177
1000
1121
8336
849
12863
11600
2221
13471
1576
6732
1636
12798
1308
12865
9244
1960
2785
3328
6200
9959
6801
7684
4703
15013
12580
3811
13231
12520
6819
6349
9437
1265
10243
10193
15399
7453
13070
158
15589
4256
978
10459
15363
1068
3044
12938
1426
8855
11922
6210
6927
2253
2598
10293
5321
9353
6374
11059
14984
13698
1544
10359
6103
5353
10704
11009
3769
16005
12757
5158
14509
7164
13407
11936
685
14684
16101
2407
15066
2155
246
3057
15823
2163
12694
9080
11312
2099
7193
5613
6450
2472
5679
3611
7085
15937
717
87
13714
13555
7627
11625
2493
7576
15007
12660
13
1742
7140
1185
12453
11410
876
493
15067
14962
14781
11703
3032
15448
12141
6885
7709
14298
13703
13519
14130
11232
3865
15759
16042
8578
543
10696
613
3146
1524
8837
7486
9161
9856
3442
1243
10581
2103
1302
13589
10605
1586
913
1138
12222
7241
12023
12003
14997
499
6761
13699
4244
639
5959
9611
8579
9378
12596
9127
9731
14634
13114
4192
11833
1967
11406
16315
550
1492
12167
4845
13543
16145
12449
13330
84
3615
14500
1911
9476
13614
8795
5958
13842
10054
11859
8688
12084
14495
4260
10694
12582
16173
14426
14241
8159
8031
13790
4396
1786
13422
13752
4648
1468
11877
3783
1437
3882
15420
10205
16285
3113
15792
2545
1823
7744
6353
616
11197
14173
16001
12803
12061
9642
2940
6754
9179
6782
4734
1535
8946
1725
3210
1619
15630
8604
947
7056
2112
7253
2235
12553
5077
5128
6141
1511
9701
1825
12005
3650
12747
2660
5843
15717
4127
8271
16374
4794
1128
4410
4982
15689
630
13996
10916
5256
12879
12336
13476
12720
14214
5683
1521
16215
14217
1683
11053
14364
14332
965
8277
11109
16075
8102
10149
14512
7855
12516
7672
7702
12621
1288
14721
8513
1752
14879
11027
10000
4598
6413
11209
16354
13591
962
15262
3267
11503
7138
13139
13673
6935
6929
10703
10060
5609
13897
7902
6799
2972
4354
4942
11644
1729
14311
10050
5425
12540
4445
7433
8772
8905
3289
16178
9054
11733
3016
3458
4034
13528
8458
662
14727
13196
11552
599
4702
11798
13822
3774
4151
15774
1267
10541
16304
1781
5291
15714
8217
6361
7826
13962
13466
13443
7207
836
5972
491
13778
5775
3244
16183
6751
8398
6298
10973
16126
7037
4046
11315
1478
8351
7476
1870
8533
6949
4608
7377
12152
11569
9539
6338
8781
12714
4720
10350
3765
10161
1182
5156
14488
14912
14446
14440
4116
15785
929
8966
6790
8306
15798
415
5675
2734
11695
9979
15855
9260
8777
2913
2651
3313
13204
2837
6840
12512
1118
5714
12578
13265
8552
6740
14074
10369
8183
973
8327
8373
7816
16000
12203
6983
14549
5456
12535
14673
3566
12649
6701
15591
14971
669
12295
3785
6253
720
15885
8272
5678
5936
2984
5153
11742
8818
7581
9082
11004
4279
6242
10103
2378
10934
10033
10198
1935
6776
13504
12198
513
15237
10192
6638
13317
268
5487
13533
9448
4732
2880
3529
11158
653
3556
3429
1312
10301
2946
9234
6123
15022
9672
3736
4131
15604
7008
12491
9091
13943
12016
8148
10766
6675
11845
10068
14644
7884
11180
10719
6683
7178
7374
4029
11111
6632
4092
8114
9705
5222
10075
10035
5143
5224
11414
13801
13436
12211
3859
12270
3929
4654
6914
5943
16375
10669
506
1558
11279
7735
1485
10015
5210
7266
11199
4662
11538
10113
11631
578
16039
2470
5902
92
8523
9486
6620
6023
217
11019
13483
15556
8850
2190
3973
12466
4468
7172
14936
3593
13373
11514
8487
2866
7418
13025
11371
6928
12204
9594
15149
4706
4336
5377
423
4974
14554
3001
14467
2013
12626
6002
9876
568
6881
5111
744
16149
10316
8011
12963
3127
13931
2938
3338
350
1358
7679
10915
12021
12920
9946
9725
10265
15144
7572
5635
2423
3822
8981
10322
3024
11663
8699
15642
9278
3743
3905
2653
6902
1097
2495
8941
6910
7462
7009
13211
9893
900
14650
14736
13172
6952
5240
8418
3828
12172
14409
10982
10677
8047
8618
11417
15946
13804
3349
3005
9566
6894
3646
13467
1829
3389
4518
2214
13910
12278
9059
851
6313
4440
11163
11444
13662
10240
5019
4739
7303
6994
5852
10662
1293
4609
11739
2314
11621
399
11454
5649
16131
3797
13975
11407
5184
5433
1624
12840
351
11942
15048
4890
10921
14665
10417
9918
3417
12364
8244
11977
7711
2895
2436
11917
1327
10613
5643
13337
10952
16116
3282
11230
8389
1663
16344
11808
7349
196
3249
5070
7162
2868
14034
6603
15471
10096
528
8100
6893
15295
483
4852
15976
6599
897
5561
13887
5595
9630
4438
10924
7306
14876
725
15485
12447
11724
16281
2873
5231
2566
16093
7477
4725
9305
3520
133
2328
5399
324
3846
4861
12800
13627
15520
14448
1406
8073
1644
13105
10444
4579
3199
14189
8803
3739
3072
11871
582
12196
7748
3394
14236
4684
7600
14820
4062
13530
6487
10879
3733
7873
1899
14692
13918
5102
8165
3399
9479
1803
15205
6924
15389
7858
5366
6386
10519
9037
13727
162
2586
2054
11539
1137
14891
3935
1946
9929
9940
7415
8017
114
484
14186
5724
11247
825
9336
11441
9824
46
1974
14878
33
255
14227
14498
7383
5501
8436
3870
7282
7479
6279
14676
15865
16337
14503
14003
4291
1801
9587
11447
9459
5464
9573
14808
16037
14316
14979
7305
1212
10911
4161
8621
7863
13995
14893
8597
7333
7815
16268
2667
1431
317
11544
11999
15738
6047
15316
795
11426
12680
11124
6401
13494
11715
11081
9203
9163
15902
15186
15150
13032
12480
2195
5769
339
1795
15716
2185
14926
10753
966
6687
1065
9188
11396
10171
6116
16274
5161
13123
15107
2352
1976
1792
1236
6716
10501
6671
13072
5839
7935
8178
14916
11123
12781
6497
5853
7161
15019
1630
792
2361
11847
3395
9552
14674
579
1995
9415
11198
2141
15002
1488
3075
10935
11042
5087
10991
3352
9606
7932
13632
38
9472
6194
609
16110
12559
15051
12819
3239
2560
11408
14627
10635
4621
9015
8095
8517
5390
2856
11258
10966
10468
14209
15544
15534
6961
12029
13049
6204
11253
3331
2118
5711
11855
12772
7557
6405
5500
708
989
5571
2101
16036
9126
7695
8869
2600
11567
13874
2023
3665
10580
6727
1463
16265
11457
8091
2304
7725
11694
8977
11244
11679
848
12104
16041
899
9863
1705
8832
7030
12347
14264
8266
1984
4143
8318
13700
8989
1024
2191
14733
7940
3424
2200
9093
1571
13805
8474
1987
8307
3784
15613
3913
2047
2211
9456
14335
9295
10042
11196
4110
13382
9969
504
16292
11853
13481
13036
8589
1879
9332
7482
5504
10774
7408
193
126
5243
15159
12088
14417
15646
6097
5861
1912
3351
5422
9612
7507
13966
11010
15467
11219
15115
15395
9741
3930
13545
14889
12603
14063
9092
3679
1972
45
14999
8720
12345
14349
1873
8092
4576
5469
10803
7280
10508
5682
7296
11869
1609
8918
2693
8938
5462
11260
1058
13630
7376
2659
11259
8529
2226
10174
5784
270
2625
4836
15038
12403
10378
5845
5360
14981
4947
14119
14033
1493
4148
10456
15794
3836
492
5269
16038
2808
14064
11202
11038
7825
9509
1226
6527
13650
15898
10517
4174
1664
8194
10875
6643
11478
15264
266
1413
13672
12674
8705
6786
2089
10680
5686
861
5492
3857
9172
12946
7966
11639
6223
594
2213
4491
11860
12949
13992
14880
11599
8807
8167
60
4414
10460
13503
4701
12595
5673
5867
1597
7088
10941
7851
12064
12785
1292
14530
5735
12112
4745
10762
15039
14853
5108
3431
10225
10873
9333
6815
5815
6691
14823
7736
78
9052
13164
4293
12964
6543
684
3987
199
3043
1779
14068
4876
6853
14583
6151
9711
9563
10619
15587
11087
16034
14229
148
16133
12854
9559
7000
365
8887
13280
457
4614
5359
5115
144
1483
10628
7558
11536
2451
8917
3572
9342
4960
15161
10686
13137
7391
3660
2769
1896
5319
9572
3676
6360
427
10230
2370
624
375
12448
3539
12494
3317
3510
11491
11622
7086
1777
4466
8713
14245
9383
1047
11373
11568
14135
15515
891
4267
12019
11363
6968
8349
10638
9229
13424
12264
7360
11324
12169
5525
13379
6227
10095
202
14350
10587
11505
8617
9502
12686
11878
9712
13785
2198
15206
12358
3634
6004
11647
5032
5197
10454
11292
8543
5373
1169
10371
12940
13161
4063
1371
6789
6775
1191
8809
6132
14224
15209
11900
14942
5297
784
5783
8483
4969
3590
3123
4563
16059
6921
4847
10642
617
2158
15978
11586
8270
8784
3103
5980
3303
13313
5715
2819
2726
5985
4916
5988
7014
12066
6660
1377
7411
12958
11416
12975
11271
713
13217
12919
11718
14677
9786
14694
5270
2192
12905
16076
721
6804
8681
9555
15998
3236
3293
4446
9830
13565
3663
1708
7015
16329
12154
2520
14160
930
10079
12350
2705
13846
4126
14383
15917
13147
11959
1791
8356
4616
12737
12933
11830
9380
10399
12591
8702
6202
6944
12343
9075
244
7833
10203
3599
5228
1345
9765
11838
11201
1022
10554
460
4013
2145
2703
10072
411
11843
11399
8202
1830
6206
14008
15068
5896
14756
2608
15394
1871
14242
1876
4756
14948
9794
4136
10637
9468
1655
6724
10735
942
6812
13144
13721
9304
14623
8248
6030
11488
13159
16
15732
2926
4264
16264
7390
3976
12967
13988
12909
1105
8598
2886
957
658
14312
8647
13294
10950
8815
16172
3340
1514
11078
9341
5170
5996
3889
10810
6747
11460
11173
14658
14281
11522
10555
11318
8229
12851
5202
991
10365
9409
521
6327
2177
5532
1717
1850
9477
10872
5177
14678
6072
560
12120
9838
10420
16383
2638
11749
8898
2027
7728
7277
12860
4886
12642
8885
11122
11001
8909
11964
13154
5446
9397
14194
7880
14107
2231
16345
3078
5175
9709
2517
665
3999
2142
11360
7324
14300
11554
13546
1381
4462
2065
8776
13719
4651
4679
11268
11782
13505
3066
426
14690
6236
10312
11580
13946
13296
13336
14831
9218
1645
12575
2387
6128
13307
1545
1604
6748
10237
15934
11699
13808
1853
13597
2348
6625
3133
13198
12693
1677
4363
7274
15385
2759
12728
13261
10479
269
2720
5645
8551
5628
1710
5634
1156
14542
488
13593
5011
8429
16295
3330
748
16368
7465
14286
11507
3307
11793
6372
6183
8375
4577
2753
1950
13370
1281
15350
386
8422
11424
11920
12829
9395
5328
1082
4442
6598
7421
11704
16049
27
1981
11357
10234
14707
2490
6447
13777
2032
2070
5140
8979
14478
10917
2954
10949
11518
190
1268
15672
4239
3407
14137
11950
1356
12889
15047
5447
13984
13310
1122
1668
6890
11450
9684
1628
10440
3255
9216
7342
6410
7494
8678
3446
2934
6037
9591
12506
344
6440
9094
16016
15669
15607
12814
898
2815
12566
5934
14961
3270
1147
5824
7257
12886
1868
12704
3878
1550
2641
7612
5661
13227
1559
4130
15909
1526
1989
8547
15457
10295
15765
2731
2646
3668
3885
3332
11651
1901
14070
3245
2918
13169
4204
3335
16214
161
16222
4321
4230
15177
7410
10320
11088
14078
2754
15988
9800
13290
8583
11998
10130
7491
7977
15808
8697
15547
4325
3342
10549
7692
248
4469
284
4275
473
5951
4543
12369
11433
11352
8892
10268
4411
3968
3018
7837
4155
14122
5152
7234
3221
14892
5116
2626
2110
7033
15292
4668
9787
15543
11157
10767
14895
14681
4250
2668
8929
7356
13626
8235
7163
2496
8706
15025
15355
8241
6392
14973
9038
15783
11106
5907
10636
13050
16283
9570
15343
4764
6053
8250
13542
8730
3507
7773
4470
9121
607
11484
10713
6224
7997
6265
14334
8819
3991
11028
14211
10720
10593
14069
7898
12833
8142
1831
7996
15041
9242
2950
12587
8897
15083
14977
10110
13212
10733
7043
5258
12546
2590
1367
3781
1269
9804
13320
4895
12678
14075
15756
434
7474
8700
14594
12635
3207
12180
14039
8471
2889
9119
1064
12349
4368
16260
13487
6289
5789
13237
12063
11098
15302
2039
12072
6462
14647
14346
7781
8679
7413
15418
12430
3851
7765
5600
3937
4407
4070
14812
7720
10898
13093
4105
15482
7942
1905
12605
3416
3473
14570
15979
6868
7960
13338
6916
1872
13646
208
4933
15031
2428
5326
10151
16253
3853
13170
10212
11225
5311
4112
9984
6788
15433
3827
6986
3670
337
3753
2908
5748
7739
2497
12107
13726
7115
2252
4450
5370
3295
322
12928
8562
6150
12059
7973
9455
4551
6362
8084
1804
11242
724
7151
13259
9527
1164
5729
9558
6120
3250
12848
14051
8867
14799
10769
14442
11467
9245
11393
7026
14599
8443
13881
5277
11571
9405
4223
5749
9839
5166
9902
5299
4320
1480
9058
11565
11807
12688
6436
4619
7699
8716
6383
14165
15015
4243
4992
12145
9212
799
509
7797
8225
9132
1347
12567
3815
5941
8732
11747
3990
13437
6587
14899
4841
14057
1598
2704
14099
16284
2552
2135
13478
4951
5950
14301
3188
12319
14004
5146
14163
7637
2604
13725
5656
10851
5919
4129
5700
10560
12637
13870
602
3849
6345
2878
11861
3226
6428
8782
638
8187
13106
1856
6517
12216
751
14090
15722
8658
10502
5179
15297
6499
8029
11629
13793
4210
5154
12671
6000
8495
2129
14580
16108
2622
14557
9263
11187
4115
2609
11762
11888
1286
10133
14817
5148
3560
10641
8305
3505
10591
9146
13648
4628
12828
5798
11046
8539
7618
3189
4832
6981
4633
7742
14389
5453
4580
178
8824
6159
5834
14746
4382
2108
9569
1424
2942
16122
1205
7722
16363
12279
11137
12885
10109
1820
9793
11229
15198
451
8488
476
15247
14724
12170
7358
10715
2000
5280
13362
6554
13690
16381
11775
14763
9909
10675
12987
3514
10346
14866
5804
8130
16224
2547
9953
3508
13514
13028
5068
13643
4730
15862
5044
8576
14438
1547
5960
2872
4463
4144
5719
5494
5662
1476
3700
2830
894
12881
13055
13939
11248
12014
5547
11839
4055
4208
9313
5747
7326
7502
116
3903
4657
14226
943
3485
11670
14563
16054
2582
4227
2797
8750
13928
1108
12440
10791
5790
12339
9006
13255
6139
13697
11289
1643
4482
250
8698
6237
4877
3433
16357
564
10930
3082
6012
7740
3218
2318
10542
2537
8218
13146
10360
7531
15628
8684
10418
5223
2952
908
3877
13605
2577
5286
13326
2193
13759
535
8496
1202
762
13971
8450
11477
3154
10260
6823
11480
1040
14157
6028
1131
10059
2138
12463
6877
15280
299
6792
14204
1486
3068
3544
4317
497
9526
6094
6837
11927
2829
1616
2750
10368
11449
11597
15203
11343
6189
14059
9840
12599
2397
9293
15479
1922
6387
4715
10336
732
6465
7174
12221
2335
13274
12057
7108
7687
11812
7350
11215
9985
5906
13844
366
9530
4833
4532
4936
2076
14529
11068
15057
54
11980
4978
2349
10467
12981
11336
15860
16165
5114
2500
13741
1340
2188
10006
4670
6323
712
13194
10366
14308
2269
5057
14323
10146
129
877
16143
1401
6992
10527
15155
4341
3763
10944
12977
10116
12666
6693
501
1112
1412
9064
8316
15938
13598
7420
10092
6919
2919
11796
6445
8542
5406
2244
8119
6207
8050
2347
11643
2332
425
8442
15640
15686
11707
7106
10788
4986
16273
10449
16238
11465
5436
15256
12812
1810
12160
15428
3562
8564
2113
2251
11214
15331
14850
9123
13039
16306
1855
7132
2677
10727
5817
4596
15180
10813
3136
6297
14315
2648
192
11276
10228
13930
5750
3206
14260
15212
2863
938
10925
5703
14829
15042
2107
12948
9033
15950
7759
3204
4792
15315
421
6220
6388
5602
8056
15521
1041
12263
8129
905
12556
1213
4525
13475
7965
6185
14401
15971
11482
7426
2728
7821
5757
4866
9749
12074
4085
7051
3893
10892
3118
14388
6412
1015
7252
3952
3192
14832
11461
1898
7645
6920
14513
3427
7843
4435
9549
16013
14086
15491
475
13289
11431
2187
11719
3645
3437
2993
13967
3800
11377
1175
2907
508
7775
11615
1775
4375
8870
330
2475
2565
12488
9980
5530
10143
6988
13193
2019
2555
1886
3243
1599
6809
3209
6348
153
1232
12298
844
15750
527
7214
13850
12664
11113
14118
6891
321
11688
6967
9482
4740
11923
15694
15400
6791
2674
1538
1867
7315
14273
3422
9982
14844
11427
14524
14327
9122
16170
9462
11425
4277
16246
8192
8358
7681
8689
8645
9716
1656
932
3503
16333
10419
2739
1731
10817
4089
11723
5276
5696
5560
9430
2975
7626
6301
7490
14045
9713
2386
1085
1569
2756
9275
3558
11606
13608
8439
12303
14252
3523
12986
12370
15568
14095
13468
10016
8473
9207
13573
11003
15353
6022
7500
7224
2561
14142
15733
8359
11204
12758
8969
315
12930
2989
13924
862
12774
14007
7048
3276
10697
9017
16262
1343
7985
3757
2038
14414
6322
16316
10014
15942
5967
2169
15168
2757
14385
3036
13886
10375
12109
986
15351
14005
5323
8491
4799
1035
15779
9067
5316
2284
8162
7782
9970
7585
15771
12947
11176
1025
13244
9228
15299
1394
666
3477
1117
1732
8369
15963
10238
10910
13780
9002
13242
1565
12282
5658
11313
6964
16272
15746
1494
10277
3847
14577
4224
252
3819
5031
3953
10781
12835
7563
3401
7591
821
2237
3661
3216
14810
5092
8015
10286
4364
4120
8446
5833
4661
12326
11992
15437
9399
15921
5385
12012
9702
5969
14283
14688
5415
4061
7561
11162
264
10668
10342
5104
9652
12416
9604
14096
6655
14640
13569
11673
1680
16119
6822
3525
5818
15197
922
3495
4246
9900
9508
1724
1679
9801
9740
5208
7186
3269
10900
11914
8414
142
15104
8105
329
14403
526
15974
15784
5075
13394
2663
5931
8868
2078
5822
8759
11616
11152
13316
14837
1552
15854
11741
4314
15712
3414
5770
155
10989
7081
2744
10108
4514
11955
6421
16218
7761
5855
9928
8082
3569
3263
9031
2774
5071
15101
11511
9283
8454
13269
5059
4755
9914
11611
16067
10401
5706
11915
883
2789
3379
9243
6547
12128
7339
14475
15426
12896
11720
15734
15440
12961
7703
2613
9068
7866
1158
10923
7554
14703
13635
16314
8191
4216
11293
12081
8774
15105
7758
11532
705
2536
5776
7237
11966
11908
2786
2131
6989
4731
7828
4600
10690
9089
10652
6435
14143
3638
7038
11307
3112
9156
13303
9901
7993
7598
3285
3975
14966
16184
10532
10244
15248
5937
1370
6679
4350
4376
12372
12624
13360
524
12286
9673
5227
14983
5040
3567
333
412
9090
2479
16064
1962
16296
2136
4656
4026
11672
6019
6508
3530
9328
8419
2530
15705
5395
2814
12133
7126
7298
1331
11938
16338
8041
2826
2462
14295
3735
10247
634
14187
13817
9718
15844
3654
14579
13111
14200
14616
7400
8891
8844
15090
8623
6232
8138
13041
10261
4024
482
8616
9907
2623
6516
14867
8282
9613
3969
1229
3051
6503
13501
14410
12259
3585
7613
5641
8433
12809
16347
9521
16340
3138
1697
4299
5056
741
10698
11412
15670
9140
3706
14815
6709
2628
9481
9691
16146
7941
429
13411
14147
7190
10865
13953
15164
12616
12114
12589
10596
9972
14275
9102
4177
16225
515
2115
7120
13037
5201
1612
1615
13343
5342
14732
1142
15492
15828
10932
15803
3617
14991
13229
13856
5371
3258
15820
6646
4645
4759
10835
474
1539
14262
6842
11013
13809
4995
13223
14910
11965
14093
11364
4899
1095
8573
7098
1805
3089
7529
14060
15897
12872
10391
10858
6092
16144
1510
11340
14622
2199
8357
15740
6055
5268
14341
13108
1071
4057
13538
7536
15819
5441
8745
1008
8664
7559
3308
13498
8571
12306
9829
1743
6365
8420
10602
5255
15572
384
9921
3582
2224
10466
9439
11442
4039
5496
4883
2531
1678
8413
4212
4968
15072
6535
3860
7435
6734
10959
13539
13121
1081
11553
5169
6051
5167
16236
10747
15682
7801
8536
701
16355
7452
2201
2853
13433
525
2011
1250
15549
7518
10105
16164
4664
14697
3923
1383
12383
6851
5095
10124
4360
7664
10106
1838
6930
12013
12394
14800
101
14362
9066
4465
7444
2265
3141
3102
1017
6760
5372
1160
7301
9583
1252
5141
1983
7608
3212
3444
10010
648
12539
9877
7052
3717
8707
14613
8329
3682
8531
14754
13787
1019
3284
8058
5362
12086
11342
9184
10667
5260
8066
3173
2647
11224
1410
7449
13057
11404
14427
323
11131
6209
863
6184
6098
15309
12367
8636
10850
10452
5398
10211
8965
868
7461
9003
3522
2046
5957
11023
3400
2410
13895
14520
10330
9986
9317
12518
13284
3722
904
9809
16226
2446
3465
9327
14001
9934
14847
15601
3275
16199
8088
16185
13861
10481
9135
15651
4646
1155
7386
1546
2939
11870
4655
3140
11210
5382
7425
9869
7921
5207
9008
5144
3455
10751
14076
5416
13663
3131
12376
14556
14993
4487
13820
3279
14851
15533
2580
2337
6905
4795
3782
10056
9056
1897
9866
14865
14492
13740
4310
12093
15833
6113
6865
8397
13610
935
14904
1061
13136
4675
7262
15143
15610
7979
1283
7879
6261
4101
2117
10707
15966
7311
3403
15484
5618
16087
11155
803
15649
6623
3040
6520
5439
15918
4251
10046
1230
10493
3932
4287
7365
1303
8982
4541
13985
1712
3980
5332
920
241
3179
1504
11251
12590
5239
1744
15014
13760
16242
13561
2435
15153
15578
4209
6493
7958
2474
9346
14105
3488
7223
14423
15241
2518
2741
2905
12445
15166
7854
10671
13510
3701
6458
8527
15532
14306
3820
551
468
723
13796
13532
16179
2399
7746
1294
5519
7176
59
7209
2948
3230
16033
12867
12188
15456
5883
8556
14970
14550
6251
3725
170
14734
3371
10691
10650
2679
3361
1066
12439
9597
147
8950
13287
12950
4497
10714
3486
307
8802
9155
8150
15660
858
3334
8794
2961
1658
11485
2597
13141
15871
1802
9847
15766
12325
3817
16060
13797
2377
13076
4052
5213
12568
6140
6056
3709
1953
8361
7229
3426
6437
11439
7906
7647
3698
11777
10836
9130
1661
8661
7901
9717
494
7460
13695
13346
13311
8203
10649
5574
16102
11022
9776
12290
6178
6305
3519
7772
3316
15266
3266
1878
8161
5862
10499
1174
1814
11361
3126
914
9350
495
6024
5603
12628
11760
9232
11646
10089
8416
7299
5069
15901
11057
9189
7044
13522
5
14593
15619
16047
10263
13176
6250
13680
4495
5963
4938
12618
3642
15982
13651
14911
15473
1887
2526
598
3840
2951
8140
4059
6467
10266
1851
8486
9497
6263
4843
5652
1419
7429
15609
10003
11867
14356
2429
15795
4353
10808
6346
9065
7710
3369
6137
7721
12910
15398
2296
15453
4582
8613
15080
1884
15468
4268
5740
760
14124
8240
1077
2267
13291
3425
5400
15170
10655
1673
8654
1405
10880
10208
12497
14814
8879
12524
1272
791
11665
12166
15414
4812
10906
13059
2358
8516
6347
5994
8151
394
4413
436
1577
10712
11283
4200
6669
7511
13366
13190
13452
13753
10985
15870
13448
8625
1809
13973
13956
10822
516
15204
4191
56
7659
4860
1758
11849
7133
9688
4265
10645
1693
15911
14249
8224
4869
15259
1151
8484
13669
2888
1788
15452
4043
6431
4647
15657
6836
7923
2168
15098
11490
7999
16158
1033
12738
4030
14305
372
10595
3842
13518
1843
3867
15749
16228
5012
11640
2670
9668
2532
2617
12841
1167
12280
15903
3628
4994
2788
13620
13688
5527
12652
9206
11345
4302
9036
12710
13390
16318
10624
6494
3683
5203
1458
6155
510
16370
5058
4900
14615
1771
6579
8019
7222
1013
12132
6300
7273
6222
15757
11540
9321
16207
4643
15560
2777
2316
12869
4589
11975
644
9306
13201
7606
16384
7405
9871
6863
14845
6723
3489
6551
9235
10729
872
4458
15139
10544
9400
3922
2510
6713
8653
6565
10601
10083
6654
2803
9311
227
4911
10598
12000
14319
11453
13162
12625
4119
1646
9361
9043
16322
5691
15703
5047
8780
13367
7556
2621
1882
6245
4108
7036
9240
13249
13363
1625
2962
6538
7883
4361
5085
7766
6093
10196
15249
8888
4777
547
13283
6180
3805
14715
12181
8163
2166
1692
2640
8000
4865
10647
198
15060
8508
11823
2836
12640
3421
13781
16313
2683
14087
3500
2282
7708
16240
1003
5727
9562
6834
10706
4903
10984
13847
13243
2197
5420
3203
100
13960
1996
1720
2035
4121
9427
3605
3348
9507
5562
6972
12190
4337
6668
16289
3100
8638
3620
5987
15522
4856
1748
3240
9501
14645
7304
10100
6987
459
4934
8206
5781
7373
5633
2248
6157
7007
8629
13868
829
15735
11979
16189
12415
2149
9337
11127
7341
4339
4217
6796
646
15401
485
10023
3869
8445
10673
14633
12654
8827
7643
13901
5037
2723
2852
6978
6474
747
15537
15005
12711
2044
16056
8267
10740
13751
13195
11650
9956
3959
300
11156
3007
15106
10463
793
1746
12903
15250
6884
11322
14496
4829
2422
9954
13116
9750
4549
7201
5521
12532
1152
16339
5588
694
2746
3981
11167
1637
997
9377
4427
2259
11206
11687
667
10455
6492
2057
12563
10462
9843
175
4722
15260
4857
3602
5336
8741
9416
9413
2074
7090
11354
3713
11182
4932
4593
7549
8451
7424
12421
13014
13218
10167
6512
12083
4195
8627
5701
11245
4963
7528
4719
824
7286
10435
10666
5466
7560
401
14868
164
14564
9285
14938
10221
15634
14277
3234
2599
13092
5505
13855
5178
6897
207
8368
11504
2447
10837
15404
12658
11282
11978
7001
1231
16259
12123
14738
14852
3950
9362
4387
3035
3794
13091
1339
5787
2782
13447
5596
6948
6069
11031
6011
4001
7844
15796
16017
14669
1551
10344
7980
7353
5971
265
13087
3773
12839
16378
1841
1415
4351
10572
8593
13806
3533
1955
6708
3813
14220
3223
860
15778
6391
16095
1590
15499
3087
15326
15283
8459
13221
15282
273
7456
10258
15874
16081
15335
8586
5607
13798
4667
3174
5279
14718
146
374
14184
10450
15263
7467
7697
11526
660
5970
6941
5514
15171
13658
5431
6731
393
3441
7651
1589
13432
9194
15196
650
14360
7779
7184
6943
10278
12677
12484
2159
14463
1365
8210
5064
15476
1606
9773
9995
9373
7070
3125
1924
3134
4571
4652
3707
7181
12667
12643
882
1632
769
5192
8391
9746
13831
7682
11989
11451
9700
3306
8896
3002
3933
10749
2605
15422
3029
539
7366
16106
974
1794
1163
9967
10255
14976
9671
3343
15936
4527
9887
9016
4047
8417
464
15536
7481
1074
12741
9264
3475
2963
9568
14777
12301
10648
5122
11528
9831
8520
4991
13765
9213
14499
3039
8721
9533
14740
6026
449
8591
10442
4234
1323
15147
8057
11727
7248
6511
9120
10489
5479
16321
15460
592
10800
6672
8068
5879
8889
6642
2821
9118
13035
13942
7094
15122
3690
6063
8137
204
14352
3368
14353
11091
13371
14192
6879
12184
3724
6797
10856
1449
12973
3345
13077
1860
12078
8672
1727
1173
8644
3142
15488
6849
7113
12659
7583
5637
12795
8383
9433
9097
16045
12232
12531
2239
4690
9514
14742
940
6922
14896
9223
5851
16377
9391
1460
1396
1434
7050
1956
12756
6034
10568
3397
1812
6079
8339
7900
11376
6830
5409
189
6616
9870
3464
6366
9236
13182
4752
3513
7594
16195
9681
13008
2097
9254
119
11933
15631
6915
7838
9774
8089
7228
9057
5249
2421
9158
3578
8884
6617
12581
7041
15926
11754
6425
16192
12623
10998
15861
9138
15846
6363
5491
12459
9648
9152
12511
8921
2445
16348
4348
13550
5480
12036
2018
857
219
9515
12471
3408
2398
10469
13853
4455
1300
1807
2220
7320
11072
14541
10245
8674
14869
6352
9340
31
9762
5174
4817
12073
261
6730
7469
16243
11366
5205
2413
5520
5039
1241
3333
2735
1883
2234
10562
14435
9821
6165
661
15523
10927
2109
11474
14219
12898
866
13210
11786
13824
9554
274
12418
937
2571
12481
338
7662
251
6101
7840
4965
14296
13570
9841
11405
6852
14510
11280
14103
15230
3020
2216
16359
7521
10867
5090
11070
980
12548
967
11768
1464
4226
8048
6676
331
9693
2394
10891
8083
10347
7832
12322
14028
10239
4492
4721
1875
3796
8278
8620
948
3759
7401
8893
3588
9983
10801
9714
960
15436
15416
6096
1379
5263
6295
2140
450
5356
6662
14975
11906
4318
4922
4358
13226
7046
6506
12241
10446
15775
10551
13240
13078
14582
8608
3170
5234
15118
3169
2242
11653
10242
11429
4727
13640
7787
14038
7778
5257
15643
8791
2997
15562
1204
10474
1994
5127
15758
13536
548
6999
10739
10725
2915
6040
7881
11435
6293
8352
3896
4868
2855
1631
5318
4981
6585
6246
9618
5983
2869
4099
9775
1949
8988
8737
15614
9087
2534
10048
9382
4006
5445
9124
5472
15392
1270
8770
8619
9403
15594
4340
9939
10754
7064
8863
12420
4271
4205
756
1940
4419
191
11659
3946
2165
6510
1249
4964
3795
13535
10684
15285
8098
4080
9289
9386
4315
16012
8857
2795
14826
15242
12808
14854
13058
4072
8937
13416
5536
7947
2208
11050
4073
7520
13749
2272
4858
8304
4714
10981
13396
4556
15469
12749
10082
3076
10027
4146
12636
1134
9543
4172
2417
15352
11325
6444
5159
16217
12838
4828
13109
14903
687
15741
679
5558
8862
243
3468
9867
14162
10044
8963
8045
10726
10797
15461
14900
13262
9458
6451
15837
16130
13575
4385
864
6618
5966
9007
5062
6923
5533
1881
2077
6582
41
566
8154
13526
5540
1203
4529
12665
8313
7841
4988
7819
12131
1357
5171
4824
5193
823
2618
3047
7075
2024
8847
2563
13979
14404
1161
3273
12320
5025
3296
5121
2067
12555
13440
2223
1408
11308
7238
15184
12926
5292
963
928
4332
14686
13945
8521
10026
554
13693
9288
8605
1747
9393
14773
10317
7225
10538
6604
5320
6572
12400
2367
10206
11676
4238
15419
15980
5017
13551
3856
4145
2698
8765
3434
7804
9670
2911
10592
14376
7786
4585
10472
5442
1043
3101
10170
1001
15092
3254
6491
6591
8112
13423
2295
7057
9074
12558
3418
10852
6659
4554
6414
11341
8592
9040
2432
6269
14081
13839
430
12876
1298
3629
16040
13836
10744
14012
14802
15639
5808
5384
16231
3636
12118
16237
1062
13788
10756
10758
10627
9
12767
15218
5383
15769
2254
1310
5956
13916
16235
13717
4924
12217
6725
3626
1279
13026
15761
5865
15531
1498
14874
8714
16085
15625
10823
4065
2170
13253
13034
12510
1796
12906
11534
3200
3688
10475
12970
10154
5220
354
6595
11065
15557
443
3099
4056
14066
3890
4908
3955
2519
7670
9411
8406
10518
12564
2271
12348
431
7338
13577
875
14288
3710
15366
12662
3731
13965
11188
674
6489
9495
14585
11138
6728
1688
14148
4894
3472
9198
881
2403
1784
13335
12989
4453
9912
15003
8925
1427
15969
2255
5745
1574
6777
11943
12094
11909
12592
8639
8046
12739
16151
4838
818
10107
13173
3482
11783
2079
983
1977
5066
1516
4771
16364
14620
4919
9924
4261
15228
12474
15793
13917
15656
10946
2043
8843
1556
7042
14909
13558
12850
6856
12068
6682
7693
16098
15126
8299
12778
13305
14049
11973
9248
12227
9200
15062
14132
15220
14328
16372
15710
13999
14660
4522
7254
6860
16204
3098
9629
8676
2551
9493
1515
6460
407
9885
9666
8642
13417
500
4802
5579
10688
9106
7984
6874
3666
15021
7929
754
4637
4811
1330
7546
12651
15673
4389
12641
14117
6125
1770
9424
15024
2354
14113
7463
10139
10577
3502
9217
352
11329
6864
4002
16135
7348
9654
14493
5577
6900
12248
12858
6648
9875
3231
13155
13083
8264
2095
731
12197
11346
13691
14679
4956
5816
4010
3067
14394
7673
9374
5289
7712
10333
10407
13368
5015
1170
4259
7770
15474
91
13549
5850
8020
3428
11624
11969
1255
8951
10962
10620
9294
14052
10750
14097
10972
7802
15407
8054
15518
13425
4207
6717
5794
12915
2562
10498
3050
9560
1029
2452
2633
16319
5078
6198
14048
6778
12526
13512
5361
16251
10535
6956
14178
16050
2824
11468
6974
5914
15194
2443
5219
14065
9226
14420
2384
2263
1848
13027
5354
373
6509
774
10608
1113
5340
1400
15201
6838
6290
3610
9556
16097
14864
6564
4945
7276
9460
3288
9253
5036
8704
14396
7097
9733
15257
1366
15662
14602
1979
7607
467
14494
11957
9807
7676
16159
12614
99
3542
3453
3776
7010
4454
11584
1429
3097
13634
6622
3183
6396
7432
4329
15800
5680
11872
1129
1067
13427
4827
5965
4695
11190
11179
11516
5048
7434
15843
984
6960
7281
6152
6029
43
5671
6276
4222
12687
3010
1109
8287
5001
12176
2412
14551
15743
918
6485
7922
1157
8071
11365
11263
13860
3073
565
1075
2299
1824
16043
12331
13739
8603
13800
3070
4159
7771
15895
11097
6959
13527
1091
3721
1373
8364
3297
6719
14609
13074
10883
4328
895
15294
15762
5746
8554
12142
15773
3484
7192
4107
11728
8309
2990
8097
656
12788
15932
4705
14339
11044
907
15187
15850
10009
14785
12422
1739
16071
15602
3689
3912
5426
6736
9897
15360
14951
13131
12647
11996
8643
4473
14705
9338
5099
4398
8013
10908
7395
9241
6824
7470
4568
14185
6480
10545
7307
10213
1329
13203
7963
11066
13213
13802
16371
12545
12004
2186
2091
9792
16004
2682
1196
16092
414
5303
845
15848
12473
13122
12002
5038
3512
4822
7205
15668
1012
6066
15715
359
6541
5992
8719
585
11316
11102
6767
1533
758
11988
132
8630
2392
8207
4472
13959
14336
1168
6658
385
15840
5101
14073
4405
9579
727
195
9185
11129
1362
4536
1398
12037
15505
9457
15129
2388
7319
1422
3810
7562
2084
10416
5367
12360
6470
67
772
12156
3152
6247
5707
2021
2737
9425
6950
12893
12049
10210
9028
12479
9282
7903
15641
4301
834
7714
16091
11542
1098
6432
4588
15563
5774
11806
6813
14532
9686
4213
12252
12201
4850
1502
1287
8572
7398
7661
9498
13772
6706
14950
7443
809
13499
9647
16342
15695
11655
10826
12240
15789
11559
571
9938
11045
765
11311
15968
8169
2805
11266
4966
5639
5659
6644
13340
13392
2559
10657
13441
11165
11557
12776
3547
14534
5741
14210
1986
2620
11026
6977
10940
15905
13395
9676
2007
14355
7573
8085
12213
6287
9115
14460
12966
5230
4578
6191
9883
11448
11681
1123
6089
3235
5029
4386
2960
12121
7049
13302
12894
1332
7541
3892
13968
597
209
4017
3600
15100
5186
12853
7790
3900
10217
2823
10819
8147
13143
6117
3806
7352
13920
6997
10421
10567
13791
16276
15192
5860
8030
10804
6806
4601
9358
3632
1627
6121
6102
1120
2533
9431
14964
12707
14561
2003
2373
13236
2994
9708
10616
1218
14728
7468
15585
8964
1862
4743
8922
8059
7757
8177
4737
7188
2260
5625
13334
6086
5901
7850
3748
3471
745
9104
6586
9899
9252
10394
13250
13484
5150
13175
13404
3168
11564
6043
9451
11652
6257
16162
7962
13596
10291
2119
10145
1491
13299
3085
5295
13590
1149
4746
13754
6533
2870
6457
298
3737
14351
14967
7119
5030
11476
4607
12047
10328
13470
14357
9164
3443
10737
5088
10534
10528
6038
14553
6581
9756
15747
1929
12523
1858
3022
11104
9227
12691
5605
11585
6107
11686
4202
6430
15659
11710
9906
4365
10117
13215
7567
8325
9944
8526
15077
13020
11770
2717
13125
12411
2489
7611
13955
3623
3083
15700
2154
15654
15411
9662
9706
17
13732
10153
12980
13415
11963
478
11079
7029
9631
9499
8245
16166
4412
4663
15984
111
14230
13892
9034
15535
15231
13084
7347
7058
3220
8566
6085
3481
556
12536
11794
4490
14959
1049
3398
8099
7874
6753
6594
12762
7882
9849
6331
14940
6188
9473
8334
9176
5732
13389
8715
3143
6268
959
13603
4263
9518
9996
10025
6343
8971
6359
3432
5597
4160
8944
9410
5986
7346
8435
7809
8449
8001
14745
12672
12054
15445
6196
9250
4379
7235
2877
7195
7016
12609
15138
7534
9757
3259
11680
8690
16123
5993
9296
13919
12173
11226
6627
15627
6009
7194
9696
10480
9139
13993
956
1785
5290
4779
6570
14481
8300
9551
14624
6438
6901
2671
2941
14884
14430
2585
5898
9779
1932
12856
1564
12904
11304
6344
10184
6957
3065
13905
9449
481
737
1640
9446
11517
11578
8771
3960
16094
13941
13611
12237
16305
1130
12696
5020
3792
9143
14804
1957
11100
2995
12255
4785
12753
11055
13811
2976
1301
15087
3967
12110
5782
15449
12129
4710
8233
12579
10795
1943
3000
5930
6589
7846
2326
14282
12992
13228
5117
16311
10122
8540
5718
12296
5927
4940
8367
4825
3550
3030
6005
9646
8475
14399
13004
14578
3380
2465
3970
8141
16026
4552
9743
835
6406
2245
74
9565
12897
1271
3821
7440
5211
12482
9964
1005
3274
6555
3451
16029
3672
12305
14270
14267
10024
14228
4985
12543
15061
15931
7458
1217
4650
6424
8081
12708
15167
12874
10439
35
6162
13496
2167
11367
1146
15719
14248
12191
12505
12243
9798
10251
11725
14104
12731
12761
8115
5344
2784
9878
1475
1443
5831
13324
8830
11101
16044
2096
14343
7820
13997
14749
15424
11602
8291
16299
12470
7295
9168
2661
11668
6078
7054
6995
15268
11493
15652
6477
5811
12437
4415
7031
12310
7074
1928
2730
13964
4014
5838
16015
4439
13799
8665
8302
8932
13674
13684
1749
11281
13998
8915
1432
14887
2765
2860
8875
14011
2123
5498
13403
7588
13851
1913
3577
13548
13885
12048
10160
3543
15349
15319
12115
10073
4686
11765
15561
14398
8973
215
7808
14146
2898
13880
14371
757
11743
13071
6602
4266
10495
4783
15213
1193
2229
15666
11709
11756
3456
11789
14472
14737
15605
4803
4775
3294
987
1259
7343
10114
14525
4394
14207
14370
14100
8849
11500
7023
3681
3469
8853
15824
11305
8430
2828
13908
9727
5887
10004
14982
14631
12769
1153
2161
1567
1768
11572
9547
12007
12321
4357
2505
13588
7455
9602
12424
122
1728
12824
15813
2985
65
11194
7783
13576
14710
1523
141
15632
8434
13398
50
726
15558
7053
6971
5760
1411
5349
5780
14133
5763
10827
5526
2568
1416
5999
7806
15172
700
2001
1087
8574
4068
6317
9165
6275
3091
12183
677
3727
5897
4408
15368
8387
10311
7105
10869
3149
4713
15498
16324
15787
5522
14108
6858
1620
11358
6490
8087
10084
9222
4319
14041
6707
1044
10318
11953
3825
4168
2657
6230
12391
2344
2204
14416
2844
4040
4659
6774
9151
3356
9994
2834
2356
14667
13453
10548
7117
15181
6666
558
9109
1428
6475
9585
9419
10685
14244
3492
1389
4665
2460
11159
5182
15516
10679
8860
15817
6831
912
9968
10043
13233
2515
601
5586
6459
15481
11791
4258
10757
206
12308
10013
14299
13584
7393
10099
14943
15985
12297
11555
11764
4417
3004
8692
10765
7340
11437
8632
14630
710
11940
6039
5791
6630
4399
11912
12743
8766
1172
11883
15782
3809
13344
2706
8984
5300
9586
903
8955
8190
15288
5726
14451
211
533
8007
12461
7127
12541
11947
2800
13349
4020
13832
15339
4109
4660
15458
14088
2893
2645
15094
11598
10410
1448
16252
9445
10782
2988
2752
8649
15340
4249
6758
2210
1208
8032
3301
11836
4488
3498
1753
9813
4570
15723
13712
12189
14379
6254
15991
1572
5733
1472
278
5327
1197
5697
3971
1010
813
2635
2353
5611
2627
589
9828
1220
11359
11884
3195
15815
10743
8480
2971
12632
8186
9806
5977
319
6402
179
7624
12843
9154
917
1273
10104
14714
11827
7073
6841
15681
1941
4776
4561
11573
1178
2801
1921
2297
5142
7381
13871
7196
11212
10761
6481
5886
8322
14720
5381
16021
14629
13410
10728
5136
2085
9942
305
9998
6339
13935
3695
13621
1477
11824
10393
3248
8421
14698
15597
3094
14952
8633
15000
7795
14770
5097
12009
786
12291
14539
13270
5218
15801
7170
11128
15108
11714
58
3712
14032
2151
2322
3803
1451
314
12914
2310
16280
5567
9009
5107
16245
15576
531
15873
6299
5508
545
13912
10594
3998
2228
14053
14179
14058
14433
10353
3116
14419
6149
7944
7633
8246
12157
3360
15955
6478
13873
8155
4606
12098
7387
13463
4100
1642
14811
5417
10734
10615
12419
8980
9019
3025
52
3117
10304
5821
1452
9103
15269
2133
16061
7220
1769
8441
9316
8624
13537
13976
4233
4521
8711
7665
1369
3109
3130
10341
13638
9454
15772
10339
4625
11125
5188
6389
2550
925
12042
10305
6166
10047
10516
586
1474
5129
14958
2058
14735
3741
8983
9891
14626
2630
9113
1654
15243
1951
2632
3616
8121
13983
6422
688
12137
12450
6404
1179
13544
2312
10002
6308
15142
15173
12101
14598
15029
9046
9674
409
2045
6640
8053
3839
13268
1835
7791
10384
7183
11986
3887
12371
14862
5301
7287
10980
6601
2028
13554
6271
184
2865
14422
15465
10646
5489
14712
15927
2082
11221
8470
4681
12799
6912
2848
6448
11270
16161
36
7537
5918
15271
2882
2557
10710
6076
2171
8425
6635
15552
301
2970
1945
9868
7619
670
11857
10882
8314
2050
11779
1038
9734
10716
10816
16373
10599
14112
14174
15225
8735
12997
10951
10202
13524
14790
682
5615
7533
11017
15751
8052
10853
13723
4999
16104
7269
6965
7258
13581
10249
14284
15542
949
10126
10282
6217
16249
3257
13485
9487
7092
7920
11822
9513
611
5172
12569
7602
11274
163
12486
6933
7484
10640
8852
10134
11267
10818
15156
6513
8144
6739
5337
5242
6844
185
14672
15112
11227
4485
15513
4863
5955
9320
306
9131
11126
10674
15727
5974
3300
2450
850
4049
2831
16063
1740
13426
993
13729
6882
15987
9309
8587
5777
15896
14771
4584
4111
12225
10323
4084
11773
1181
871
4528
10168
12492
5778
7438
8986
10607
11150
16148
2172
11901
15246
10052
16331
10832
11850
5493
2549
15131
15135
5368
6645
7288
6126
856
3855
7516
12735
6105
6743
4312
15845
7215
4983
2884
8900
8461
8472
2798
2256
14182
2539
16156
13365
349
4005
10805
1593
13011
1833
9523
14465
440
13069
12060
8256
4733
4644
417
15370
9797
14246
15545
10585
10215
2861
13277
7466
6169
3232
11512
11060
3598
10742
14358
1050
313
11048
12528
12124
81
9148
11400
10700
12655
7768
668
13402
11609
4977
6124
14552
10313
1499
5002
15446
10471
4961
4512
13889
13936
7423
2619
9396
10830
1917
11645
11294
13263
11685
5712
10794
15224
5449
9534
16023
12656
1580
13978
6828
5617
5893
8949
12551
12045
1736
3911
14212
10763
15079
2666
14203
10340
7952
4724
15119
10523
1198
16320
11810
5271
201
10141
5569
13578
8035
2846
12151
7629
2194
10147
13002
14255
2763
6163
5725
16202
15891
4573
14071
15270
10392
12913
1730
12631
12489
13863
3224
11203
1225
9943
8602
3696
4113
1247
8911
12983
6042
15935
8204
4726
6569
4093
7445
5419
2395
13495
8933
14922
2006
7407
9721
1554
4762
3777
9538
4284
12299
8242
1201
13900
14933
7211
14839
8577
15730
13369
2364
10327
13989
14055
3703
2075
7427
2440
1671
4098
15032
14883
11844
14150
4873
5699
19
4914
934
1289
7930
10408
806
8931
2061
8490
4801
1915
14752
1566
3989
12583
13770
8213
15582
2588
6703
4425
10491
8754
8840
15647
6514
13782
9225
15615
11047
5448
4199
12751
5668
9167
5848
7644
13826
2892
12382
9832
15781
14827
5948
11134
9169
3497
2288
3866
10701
13557
6768
11566
2376
15261
14774
6337
7328
3095
8736
8444
15744
11837
12729
15373
7971
15802
10302
6311
2917
10565
11323
11368
3163
8171
5788
13295
14338
3831
4429
3921
12837
5803
9603
8914
11257
8728
992
11967
15538
8104
13990
3704
837
4971
9160
13333
2652
10820
852
2008
3939
6750
12194
9237
10030
8729
6219
6045
14441
6839
9412
14279
2469
15078
7128
12302
2466
7589
11577
2382
9783
3478
8407
1617
15251
5721
9173
11043
16069
4990
4545
7159
15960
16132
11012
14091
5293
10745
1069
1722
7704
5534
12313
4009
14782
15415
11103
3801
13251
15688
11144
7625
11820
654
9408
6364
14536
686
8953
1676
7577
5529
5233
10772
11954
6201
8403
15053
6325
10831
8111
14934
263
2457
8878
73
14080
7399
8014
4691
890
7155
8743
7487
16174
12116
7630
6848
12507
5411
12937
15930
3718
3357
2002
11738
13623
1691
10920
3830
13107
8093
5043
6934
1961
13585
6845
15008
6332
1465
6479
14458
281
312
368
2005
8519
9862
11067
8182
9638
15834
4187
3449
3346
4502
3158
6118
14576
3214
6110
14914
14523
11211
14767
9622
552
14822
9904
16358
8752
6020
9623
15620
3121
7369
2602
13866
12085
9577
14393
14280
2196
2791
15427
10931
5578
1397
8848
14925
5779
8343
13509
15764
3312
14939
14325
15199
16270
10473
5544
1815
2300
4888
3873
8153
257
10806
1507
7203
9375
1818
13115
11160
6367
12485
985
9116
12410
15948
16167
3322
7926
5981
3107
9738
6174
1020
13951
1966
6133
14653
16120
10738
6634
15290
8189
6015
6384
12090
10811
11397
9266
8565
9564
11608
13322
7700
10156
14545
13922
1560
979
183
9144
3222
4891
6439
9819
4569
13073
4751
288
4711
12285
9443
4015
3381
1395
380
5313
197
7246
5786
15869
7130
10676
14479
5317
8211
12327
11169
14965
10651
5126
9099
7803
15221
15996
428
7956
5685
13160
14457
9452
7983
13118
14040
8423
2910
11025
15616
9874
15593
3576
10273
14042
1698
4853
8919
2713
3375
7538
13017
14515
2512
13513
7291
9032
9159
14390
11541
8482
1200
8337
6883
12046
15842
3483
7632
2144
6763
8723
3612
8890
4531
14652
10597
8065
14796
11015
787
5378
5495
2523
13406
537
9465
5591
6008
766
10386
931
8069
1439
4292
8751
7182
10292
14010
13843
12698
6147
2418
2215
3675
12412
6035
11036
15027
13835
15178
13552
4403
3027
8348
10771
4902
13454
14898
15277
13351
1869
5922
5952
5814
1430
12277
15397
5882
6456
12407
14079
12620
2615
11348
1906
7005
7323
13197
13958
11021
12796
6820
11771
1947
9330
15162
3609
9826
1328
13497
6529
8139
2516
9544
10764
10687
5407
9347
3807
9050
2929
4274
8396
12238
2700
14586
2841
13595
12806
7780
14263
8478
13731
12458
16163
8880
12065
16346
13096
233
13507
10578
5310
15816
1652
11928
8507
9655
2498
9231
16336
7245
4367
15125
14614
7242
2247
8393
2040
16010
9351
4692
15606
4698
7596
3311
15497
4493
5708
15892
177
10971
15435
10718
15379
10659
14476
14309
6211
14501
2062
293
9272
6605
13567
12032
3627
13489
11089
3194
12993
1733
2277
3564
2775
12724
15387
15284
15466
671
6954
12468
6228
8671
11420
1438
4517
4198
11705
8039
10358
2222
16121
3042
13112
10093
7114
11941
2745
3155
12945
12199
15238
6187
8399
235
8179
6939
2792
5694
7071
11661
11285
3875
3744
14597
12822
805
2233
4550
14656
3413
2030
9420
1266
9387
581
15193
5082
1021
964
10876
7995
3291
4218
7957
4295
5998
2612
595
8785
5100
5248
14293
12178
4064
642
6573
16221
14265
15486
3647
15303
10783
8666
2264
12414
2366
2175
15425
14256
690
2437
3055
12699
7457
6567
13929
13877
2180
4782
6765
4377
9055
1965
7112
3764
14793
11295
14792
226
511
117
15344
345
1116
12117
5155
14588
6316
6285
945
6590
15755
3262
15091
12584
553
5009
14411
13342
14345
9274
7256
13872
2540
1596
2768
13421
13991
4939
5991
9233
8858
15829
9284
1948
12165
8003
7726
9815
1487
5394
6416
4170
6580
14591
16326
12193
2921
5212
14431
2069
9710
2182
6302
14235
4000
5692
1352
5285
15836
9345
5246
8659
4352
13082
10564
14240
15943
16009
1537
13455
2120
16100
5076
157
16301
2813
10264
176
10061
13056
8943
11750
3033
5123
3081
4620
7239
3997
14816
10755
3463
3963
13157
2262
1133
15463
6966
15997
8080
11241
13068
5363
699
7513
15254
16200
94
8223
8703
12681
14175
10828
11690
6231
13624
1445
14546
130
15099
15994
10028
4449
13568
15134
7623
1907
3501
2943
10656
3548
77
15595
15708
15893
10181
12601
775
7233
8289
13033
15951
12273
1711
11383
15219
7379
4918
13477
8060
6393
2673
12205
9504
2755
12496
4989
1481
1441
2128
9782
10429
2714
14768
15913
2487
12333
3924
15430
13970
11601
4784
1263
9081
6817
14641
1707
2899
11904
9864
6469
622
14775
5513
12755
14755
1387
8258
15847
11780
5338
5241
12229
7622
4196
15045
12725
14450
15384
12192
10241
530
12247
750
7384
2240
2843
2453
2935
5028
808
11296
10618
3320
7322
14392
3419
10573
8956
2840
2817
9432
14872
11011
12782
1042
2983
8995
12962
6807
5427
770
10812
15358
14994
7641
7441
12740
9447
8622
13438
203
334
5412
625
9650
13833
9422
15160
11140
5557
4496
14234
1713
12292
2987
11766
4788
10919
9971
11708
12821
14089
10986
9334
3678
4872
8321
9322
4603
9414
6226
3372
7535
1889
12436
3644
14989
14285
34
3635
6119
13520
8164
7982
3915
3699
675
11309
8775
13232
131
8594
5872
11919
4467
8793
5454
8411
5185
9018
16006
12242
5743
13986
9965
14514
9966
9193
4278
15623
6186
1313
10354
11819
6697
4925
13207
2999
2202
7685
4770
7750
8727
12108
10561
260
1054
15116
8534
1076
14859
7412
8016
11736
8303
14464
11217
7294
3256
11390
7061
12787
5130
9301
8833
3601
612
3833
11489
6423
2986
14671
10993
16124
9531
5440
3834
2037
6018
2266
8345
14384
15920
7788
5812
11479
1090
11181
6835
4649
6441
1462
11769
635
10802
1525
6234
382
11831
3914
13267
14304
14544
4296
16332
9896
11814
4158
14508
8122
1277
14098
1508
3151
13654
2004
3184
4666
10186
12103
15189
14708
8650
3177
5215
1633
7144
14902
8276
7370
1595
11582
1490
9541
11235
14928
9589
12912
8994
12077
15621
4074
12455
8734
944
13374
3172
1363
1459
7141
6937
8976
6975
6692
15678
3373
811
15050
4381
12478
14152
11375
4920
3021
6256
12417
16176
5563
12815
14061
14527
14635
13890
8606
9390
9077
9932
16261
13315
8353
9823
16030
4765
14101
7835
10979
6832
2285
3388
9111
4689
5079
843
15071
12538
12332
13644
13000
9085
3669
105
14772
13254
12880
2416
8960
3561
12444
402
12460
13748
2279
5799
1505
7499
16083
10610
10433
10847
6496
12588
8380
13081
11868
16196
15763
6395
4508
9196
1745
5235
1536
2016
15541
3404
13914
4162
1190
2249
15001
5663
4881
11007
7525
5253
716
4923
13168
9083
4426
15579
10335
57
2396
14432
13064
640
14462
2441
2998
3347
555
9265
20
11351
15832
7078
8172
2665
14517
12380
12744
8954
1938
4444
2209
14566
9310
8584
12010
8209
489
15279
13413
5024
12099
1315
7568
13132
6357
11320
433
8648
3363
11220
11858
4741
2701
5350
5551
3048
16078
10969
1127
10614
10434
13823
14894
1187
12722
4484
3536
10432
272
4481
8550
14470
14704
14759
1384
13794
6498
13515
7584
4515
6597
4813
10062
14901
11024
5168
9736
10759
8686
8110
1194
15462
3162
12307
11130
6303
3899
10907
7314
14151
7872
3019
14751
11080
160
596
15804
8872
388
12574
13200
6628
4618
15293
9190
4766
5376
13613
2104
7247
6745
680
16113
2965
15154
4433
2845
1583
10300
14050
11273
4882
6611
6082
9268
14436
9598
5734
10741
11894
10280
9952
11811
4371
3359
3711
3651
1072
6070
6032
2689
16266
8043
4078
14314
135
2593
12830
12682
14797
6100
7650
16168
8378
286
16223
9992
3772
5266
16349
15357
15586
6407
1154
456
15490
1737
7166
9359
2692
9920
15553
807
12464
14415
7990
939
15494
11664
5365
7892
13458
11603
1839
10746
10325
9444
6794
11193
16181
400
7526
5074
8476
7663
5891
6370
2365
14528
16362
1716
7994
9105
8996
7216
5528
4012
16360
10428
3160
5232
2594
9791
4273
3197
16182
9575
11436
1811
11168
2381
15337
3157
9450
2289
10939
14439
4778
6258
1447
24
10689
5728
1436
253
5938
8388
13378
5870
4653
16194
16303
3608
10470
10102
12293
2150
9683
4976
8538
8808
2504
4021
10732
13875
3062
224
10222
9051
9363
6006
10992
12527
26
8269
4897
886
1534
12771
4188
10200
3459
12235
2317
7912
9796
8948
6859
7167
4476
4041
11487
15702
3354
5738
2268
9013
9576
5826
2966
14044
7492
11086
13258
13044
2839
4567
4878
16187
3175
12730
2959
4025
968
14765
13306
3814
12355
12351
5467
8234
6031
12356
4558
4283
159
9039
11164
734
8022
8185
5877
593
14201
6259
15599
739
5134
15512
11195
10038
13393
6781
7422
11696
8549
16230
3106
10400
5933
7575
4629
6199
5098
12283
4707
2956
14313
3023
7907
14026
11614
