805
517
807
129
450
982
37
842
1002
387
19
459
810
140
732
383
438
53
850
661
324
417
887
1024
213
238
221
799
668
827
201
400
142
612
354
535
809
153
990
903
814
61
51
716
37
351
111
593
715
718
330
753
148
385
34
35
828
902
339
412
866
739
30
543
268
789
62
864
54
716
618
756
825
510
357
872
400
690
226
37
808
171
848
787
259
1021
481
283
644
217
973
190
529
313
812
172
655
1010
86
818
216
95
596
721
774
1019
431
449
905
521
628
304
179
900
297
274
155
993
521
341
185
146
298
608
954
484
160
935
476
607
582
583
154
499
808
427
38
681
474
296
321
924
758
376
466
100
713
451
171
820
738
807
458
961
273
737
851
772
848
910
180
473
201
697
211
959
425
427
324
413
348
553
165
597
358
516
883
880
548
768
1016
250
186
145
44
301
463
831
928
849
228
718
61
374
688
915
861
678
563
63
373
730
670
310
770
642
542
1003
87
424
478
771
631
30
529
327
841
543
393
707
793
993
28
633
431
98
717
625
973
894
827
278
572
922
418
473
176
317
955
308
930
663
733
724
133
411
245
283
433
419
734
582
986
944
195
462
838
840
946
316
308
659
505
617
617
126
793
135
449
646
658
391
172
1015
707
455
940
977
884
178
268
55
742
776
401
721
830
662
885
178
353
500
604
340
817
164
932
836
469
255
436
23
221
181
540
333
334
23
740
273
315
657
468
503
665
795
882
857
451
90
100
604
729
657
659
63
548
856
206
994
159
828
42
734
380
276
577
376
657
654
90
866
89
640
208
306
407
352
53
506
307
100
425
380
389
757
241
756
929
388
798
798
625
258
167
318
871
942
687
46
31
321
700
876
805
312
85
892
87
795
524
87
918
150
586
1024
153
758
39
138
829
827
1024
146
797
504
838
1012
953
72
296
372
785
869
11
171
322
629
843
815
954
283
170
776
577
801
259
185
582
632
210
525
174
653
449
558
582
92
135
952
105
816
959
267
244
562
1005
194
463
841
1012
868
1020
630
833
337
408
250
209
130
224
414
79
309
842
468
244
805
720
68
526
399
413
757
579
968
406
223
901
16
186
723
121
91
273
721
147
147
124
315
955
601
471
784
533
338
426
331
163
85
167
889
626
981
937
987
753
232
958
944
205
373
305
831
825
603
611
588
760
363
341
836
488
102
166
589
404
104
881
511
834
27
753
998
521
502
943
823
102
343
709
23
890
837
830
289
225
260
1007
243
625
135
710
444
753
1021
921
30
661
640
823
15
609
932
160
660
700
219
225
142
725
746
783
1000
349
890
644
802
576
280
722
972
701
304
516
99
891
661
125
784
547
308
664
579
813
939
362
323
223
532
109
667
646
391
877
424
75
272
30
1021
995
688
810
371
883
901
207
694
277
425
819
525
495
352
616
249
424
687
293
145
779
934
517
532
399
79
356
997
903
156
420
215
379
499
364
80
29
112
271
359
601
920
37
766
68
282
264
605
175
666
900
185
763
672
783
84
735
173
596
430
696
530
855
485
762
48
269
90
600
329
23
175
338
887
160
909
630
972
227
517
190
994
575
736
368
592
638
975
126
356
896
531
83
450
876
874
386
891
672
630
1020
301
909
361
546
460
791
497
984
656
268
461
893
20
919
254
794
575
835
97
799
905
776
194
414
648
125
262
524
693
840
870
834
528
496
784
1013
81
321
979
819
695
512
539
523
475
836
595
126
212
880
362
232
887
949
437
546
818
286
348
987
10
922
70
753
891
201
126
556
660
543
327
202
135
144
869
19
121
961
633
746
173
498
961
396
949
437
500
176
277
661
9
174
999
992
682
145
255
637
403
984
418
491
469
727
47
234
793
418
182
515
256
101
692
249
383
414
975
567
873
996
474
188
1010
189
603
951
581
669
612
448
927
879
145
483
413
657
749
968
466
446
314
400
933
164
732
766
408
815
290
1005
461
44
640
251
993
112
249
803
552
189
898
179
684
202
14
509
134
952
613
964
225
970
106
760
283
265
414
113
330
427
927
622
674
342
399
625
894
482
798
754
920
3
467
416
407
873
726
636
395
162
52
204
302
419
425
695
617
416
31
6
354
766
131
642
585
411
640
318
661
36
700
663
112
301
439
860
762
759
292
877
20
202
942
962
358
137
27
633
214
287
274
941
339
1019
253
329
35
56
89
748
176
584
908
343
801
741
369
846
243
16
283
3
356
1003
983
57
393
712
208
703
631
497
74
38
543
516
715
82
978
386
381
517
783
40
697
234
572
528
976
791
435
851
533
987
36
918
908
597
442
40
622
748
828
575
772
320
795
1023
210
138
384
645
690
708
738
766
255
884
409
536
146
995
748
