620
2024
1214
4000
1488
1799
964
2176
144
30
2756
4005
1340
3680
163
2371
3246
3626
473
3544
1393
1693
362
2419
2377
966
2738
2332
2518
2061
85
1147
3322
831
1601
1801
3174
1591
1571
544
2350
3881
1792
801
3753
2720
3286
1506
2937
1629
1234
3377
2689
1703
262
1967
2384
1160
3372
1530
57
2034
70
1306
2083
3716
3798
866
413
1255
812
492
2762
2829
3903
3538
2336
924
556
3171
2107
3186
3586
4037
1876
3242
1462
3612
3968
3676
2767
2378
3375
907
252
913
2490
442
3748
3930
3443
642
3552
840
589
1460
1902
1950
2088
579
3081
849
3767
3547
3872
3571
1100
357
3614
1301
446
3521
1107
1555
1820
2146
1576
3616
1037
1484
810
2040
1145
3687
918
647
3034
215
2924
2710
183
2567
3297
3942
3250
1418
2781
1493
1438
3328
2254
1559
187
120
105
1735
3021
3907
908
2187
1058
1316
2307
742
2225
2204
787
666
3392
764
117
1647
3167
2836
3098
2444
1172
59
3180
3385
438
1291
3337
2112
1055
2642
3719
1550
1772
2512
3979
2467
524
396
2879
668
3401
2514
1586
3207
116
4088
650
3565
3096
1878
4024
1044
1745
1412
4078
356
3307
3334
2100
1237
1220
3950
563
821
480
3769
2288
3110
3714
979
1111
3028
2218
1201
3248
3778
3568
3212
1685
838
2858
4060
696
1683
2183
2138
2250
3611
3692
547
2853
2102
2076
3691
3012
1942
2673
1907
406
848
1264
1258
2463
2654
2130
2173
3761
951
1229
2031
306
3133
1831
3896
970
3058
3402
1934
3643
2065
3411
3423
2664
2495
700
3819
4075
237
150
2184
3092
937
2207
3840
366
2794
538
2939
91
1766
1998
1293
2788
656
2302
2571
294
101
3301
3850
213
168
3590
899
3083
3136
2396
3199
673
2896
1474
1822
3788
3403
814
238
1968
2119
590
1110
2067
1261
3371
1062
1849
3805
2037
2361
2135
321
980
1284
3430
177
2320
3241
631
856
3522
3074
768
3606
1642
3076
1285
2722
336
2152
3583
236
2950
4023
2994
1297
740
830
3254
1006
1833
1046
1664
2235
1020
331
416
2086
1597
234
2553
868
3562
1570
1448
3799
3835
1650
1918
109
1534
2932
1050
130
522
2022
2675
519
3055
2446
2591
3348
1001
2426
3170
1667
986
2042
211
3959
2140
653
3437
903
3867
1116
703
4015
3157
3407
1666
568
975
2499
3926
3063
1830
2418
3265
3713
135
4017
1007
817
2278
153
622
2627
758
1751
3213
3360
1473
655
69
3635
3717
380
1400
3752
2010
3117
973
1016
223
912
4022
2888
49
3485
3848
1868
2856
670
4046
2128
844
2877
3148
1932
526
2177
1992
1334
2277
3269
958
3320
293
3010
2155
1416
573
1407
2338
613
2215
1958
505
2779
2136
2670
3393
397
2168
3661
3581
3182
805
2563
1415
2641
2973
260
851
2554
2164
3783
3727
1860
1165
3090
567
439
2929
2646
2854
1131
3160
435
2379
3216
1095
3891
1394
2437
2080
4092
3660
1208
1223
3620
8
618
3989
3472
3043
663
1809
1315
1875
994
3561
2114
1784
12
1228
82
3222
4010
474
853
1603
2917
441
122
3436
3067
3206
3883
3582
2515
769
2474
3091
1871
55
2766
126
2727
1539
1013
1224
947
371
3380
2557
3168
1943
1468
1207
1806
1452
3551
3629
2115
2002
405
1805
2558
2845
2466
3610
2658
2626
1507
2569
1178
3915
2694
3159
720
1222
455
927
2189
1405
1680
4
2079
1152
691
3099
2124
2285
3138
3784
594
478
3846
2981
988
2188
2267
113
1269
1112
2345
870
1904
1626
210
1560
3677
2523
558
3603
2841
1353
3715
2881
2038
2678
1915
3383
1551
89
4061
1826
3702
2281
4036
1700
1156
3607
570
3705
777
2369
1707
3598
559
487
3608
2341
3678
1573
2990
1913
2304
1705
2996
448
2928
3529
665
1242
910
4058
3236
1266
1101
231
1511
3488
3106
763
2866
1696
709
2623
3638
527
4027
1823
3223
2551
2242
415
1711
2655
1633
2182
2543
1434
1919
232
3039
780
3895
3480
2768
2060
86
1344
3996
1311
1682
2787
906
778
4083
640
3870
2324
675
444
3408
1802
2605
977
2540
2897
2634
2351
35
3796
3172
3618
1504
638
2717
2264
3054
1662
3218
332
3086
2600
2967
1701
2544
774
3281
1854
2066
1317
2815
2826
933
1663
1456
3905
3999
2771
1813
3532
3215
3585
1230
3001
2380
3613
2221
2577
2959
3150
1731
3062
1010
1986
1548
172
2486
299
1060
3548
1509
878
1404
2420
3951
470
2804
2965
1959
2472
1321
1979
3156
2758
1729
3834
284
1161
273
1289
2343
1035
1991
2986
3995
615
270
1741
992
3209
1498
2322
2828
3498
1318
3126
660
1337
2457
1319
1993
1499
2092
3781
247
360
3545
2055
2342
4059
2871
603
798
2954
2586
2835
1184
53
1816
1083
3017
3760
3264
1862
1259
3061
68
2732
3712
4087
1788
931
1749
1900
644
3018
1379
1646
1689
2650
2761
2777
785
1848
1674
974
3563
984
646
1423
3261
2638
2765
1188
2790
3637
242
1402
601
1748
2927
161
1502
3775
4065
1541
2491
2683
1610
1057
3600
1607
2902
239
2121
437
867
639
3373
2036
159
729
3100
2093
3036
2916
2483
1129
1600
2222
3129
142
771
3289
2585
1841
18
2681
3960
3077
2354
1191
1973
2381
3134
819
4047
1457
4035
3314
2364
395
888
1139
637
2045
315
447
2864
3147
1697
1574
1840
617
1726
1776
3442
1216
2521
47
625
1716
186
3920
3026
9
739
327
387
3860
2156
4048
2489
542
3592
1583
3103
2026
1676
1159
2069
1390
3750
1673
920
1365
3809
425
1338
212
258
314
3841
3800
1273
174
3316
3906
1141
2999
3258
3011
808
1015
1810
3310
3747
3797
3038
2889
280
864
2405
1257
824
2370
687
1320
3002
2615
1388
3349
1447
1132
476
420
2289
957
1779
2517
1092
3725
3198
228
1715
1529
3481
3087
2837
3697
2936
672
2754
3567
513
3208
1524
2696
417
1367
3980
3584
1672
2693
1725
3351
1965
1832
3244
2383
1630
3884
3549
3312
1121
2636
489
1354
1115
2630
3513
504
1113
2976
450
1901
3336
3288
3469
995
3932
929
1657
3918
1803
3161
2223
782
208
3992
3646
3770
56
194
4012
1845
488
176
2900
427
2801
1408
1202
551
690
963
3644
2110
2051
166
548
550
3139
2644
886
2462
2904
3684
889
2144
3080
454
2946
346
3517
1109
2459
1855
1286
2706
765
873
1304
38
1753
651
2325
2568
2656
2082
2948
198
952
1411
250
701
2617
766
3366
621
2319
3913
1678
1505
2094
502
3887
1812
3971
3454
1039
1336
1763
770
2362
207
3196
2265
2049
77
4032
2516
34
1151
292
2201
275
871
2873
1536
1882
2308
407
3453
1562
1203
3858
1990
2548
2502
1360
4068
949
575
323
825
2925
915
724
3030
1773
3511
3095
3500
953
2074
3911
1356
296
1714
3986
2770
938
2310
330
1120
2052
2312
1738
1675
3300
209
1469
624
42
494
2688
982
348
2651
1818
1124
734
1451
1880
2029
3902
1377
3220
3354
2572
1853
2663
1580
3468
1782
2014
2737
3304
683
1817
2456
584
33
954
4069
685
3343
3758
1804
409
1453
3424
3294
2796
2998
3363
392
744
3137
1866
2473
3344
1780
2594
1912
3667
583
581
3734
1069
2071
1146
3740
193
2622
2335
3412
1190
3158
3183
400
3463
2818
26
941
1828
2562
1065
3019
2323
403
1122
741
3664
1027
2234
1742
2752
3416
64
3497
1846
3422
1308
39
1999
1030
1029
1702
2415
4089
1295
677
303
131
2662
692
3573
972
1470
4044
3040
989
3278
459
3623
1175
784
2947
3232
2053
3440
756
3486
3280
3945
879
1521
428
3353
1972
2793
3370
2403
3275
11
461
3352
1533
2898
926
1619
1605
229
608
1949
1889
3350
54
679
3794
372
2018
3957
1076
3953
4062
1984
2884
532
1443
3965
2113
100
1153
1429
1422
17
2776
3308
3689
3879
3376
3755
2056
721
531
2498
389
3418
1435
852
1762
1922
2097
2690
3355
4080
256
3190
3554
2971
3114
3670
1628
2423
2799
2529
1276
2206
2602
3508
1870
3431
2691
2286
2861
3729
968
681
2839
3394
36
3536
1895
3655
3901
3327
2618
3121
3184
2910
421
3324
2903
3917
863
1665
1692
2295
630
674
3780
3648
1053
499
127
2257
511
2255
3460
3842
796
2368
481
61
1066
1459
861
1764
3737
738
2680
2872
3
1401
1564
24
636
3140
3925
3831
2855
2169
3173
3839
725
4002
1040
1335
2009
1535
2730
2519
2280
134
2760
2417
139
3295
2949
2952
3829
422
723
712
2958
1436
145
4055
520
3773
1364
3671
730
1883
981
983
3155
3542
3313
1670
930
4085
2159
111
837
596
4051
3022
686
2270
3956
1014
2628
2951
1655
483
1099
1023
1927
2920
2538
3029
3115
1608
2968
2838
1531
602
3279
3398
3782
1277
1622
463
3591
1272
634
1724
4004
1946
1477
2666
1581
288
3414
3427
2386
2714
2772
2792
3194
160
2844
3165
129
233
3189
1631
316
390
175
2510
269
578
267
2931
510
1948
2842
549
818
2742
1368
2580
2561
2243
178
355
2847
1814
1073
3578
2667
807
3240
2834
3367
2583
1370
2375
3410
1717
3954
737
2181
2008
3391
2942
103
3404
3131
3890
424
1376
2599
1829
2528
1858
2283
1215
3470
944
1525
4008
3515
140
2203
733
1071
1545
3146
99
914
2196
2411
2
839
156
1439
1372
1199
834
2399
2197
1105
1980
1557
3420
3855
2582
882
881
607
1935
4057
2485
1144
1483
1617
835
1565
616
3534
1236
2241
110
1767
1380
3520
2210
3704
205
2549
546
3923
1193
1897
2219
1357
3636
1461
2172
3378
3792
2481
2389
3102
3094
2301
300
528
1917
2174
3790
203
4026
2077
3273
1342
2122
1690
645
3296
1554
2330
465
4016
860
3379
2256
3810
2631
1728
2385
3057
1819
1070
2078
1158
1775
3396
2648
2684
826
1618
713
1970
3051
1976
1
2763
3060
2962
3023
125
816
1916
3804
3931
2025
893
3652
1978
3535
943
1455
1518
261
41
3340
2972
3384
2421
471
333
3303
1430
1760
1371
788
1669
1347
3260
1651
185
2476
3975
2455
2805
2878
2992
3816
2328
1769
2759
1033
2006
313
999
793
204
1167
3596
1744
3908
2603
1174
1490
3787
3503
2229
2773
1085
282
3252
2542
3806
1954
632
2865
1687
3345
2809
384
2059
324
2292
2619
1761
2795
2439
2956
329
1063
3722
1186
2004
1096
1142
1358
3389
3293
50
3791
1155
969
2237
65
317
2057
173
875
3898
334
1417
351
534
3628
2494
2471
987
3000
900
2677
2698
894
84
1265
541
585
3505
2707
1398
3132
3838
3024
3130
3178
1649
2030
2019
2048
1723
3101
2287
3830
3857
2194
1659
3489
1925
751
1556
3922
307
2175
3624
2073
241
2373
1309
3201
2111
1081
1906
3449
3035
2944
1512
1352
4090
3656
732
2955
3874
3909
202
518
1064
195
167
3191
3274
3253
537
3711
566
1496
449
2507
803
2830
1325
3921
850
354
3483
1677
1082
67
3141
1182
3826
2382
322
2555
1896
361
1424
2832
752
2258
901
775
419
219
606
1996
2246
1834
2923
3642
1582
1441
2296
841
3739
842
3037
1106
3754
1004
1294
1937
3961
2747
277
2808
1059
1795
3865
1920
857
1881
276
1983
1926
3993
3053
1746
2545
2524
1653
1783
147
2410
1479
2452
3631
3387
2402
1774
345
2099
3588
2017
3446
2464
2081
1341
942
1026
3812
3290
3487
2699
1903
311
3283
747
3239
1733
3088
1962
1238
243
2348
1956
3089
1892
2991
3359
286
2316
3793
3786
3459
1791
746
2785
1686
3451
3659
1362
3484
1437
2725
1929
2719
3262
3192
2733
2539
2393
108
1183
1563
3369
2105
22
3452
2612
3177
246
3225
1611
3569
3068
1185
2653
3587
1248
3861
962
3291
124
143
2649
304
3632
4064
4086
1864
3546
1546
2318
2484
398
1985
1449
593
3762
2914
2293
1635
1837
3785
2643
3255
3936
2139
2126
3988
1125
1947
1219
3994
1739
1442
698
340
1616
2821
3204
919
3654
2127
1885
874
1031
2477
1974
2843
897
254
196
3589
2465
1508
2272
2671
2887
264
1737
136
1754
791
1910
225
1652
1454
3221
847
216
2205
63
1047
1381
295
2935
3400
2964
2180
960
2748
1425
220
1975
3886
3933
2859
4028
1017
1032
3557
3116
1953
3630
2894
2058
3482
3609
1710
1019
381
4054
3233
308
1475
2442
2349
3048
3382
1489
859
4095
508
3476
2087
93
418
3390
184
4030
2786
3525
2614
1722
1254
2344
2297
3527
3461
1602
1632
4073
2363
1268
728
1087
1275
45
2734
3285
3518
3112
1852
3894
945
2708
757
699
3735
3649
876
3751
1842
539
2240
1313
3399
2108
2500
3698
2983
1634
3335
1260
1486
377
3597
2007
364
433
15
1908
477
3958
1620
3741
3025
164
2624
3893
5
249
482
3128
2263
3814
466
1909
2640
694
3553
2802
1034
517
1758
3681
1098
2154
1333
507
192
3983
3941
2470
3650
2131
1921
2908
3878
652
408
862
485
2306
1292
1206
2167
3742
623
1856
10
706
898
3243
2882
1540
1643
1528
1171
1339
2125
2534
265
1756
2436
577
3625
523
562
3333
1024
1361
689
3811
2711
693
2797
3249
3149
1133
3827
2021
58
3381
2429
2988
1232
1503
1768
1226
157
2274
1241
1274
3675
2783
3824
3622
2611
781
2390
711
717
1960
829
858
3718
1464
2469
2825
2337
3235
2497
1384
2443
1221
363
1305
3981
4031
206
469
434
2817
2736
3464
2388
2977
891
2157
1392
3056
3491
1399
3299
4072
75
3709
3916
956
3458
102
2632
3162
2339
884
611
2975
1296
2526
1612
2668
3899
3224
191
3531
3669
2453
1117
337
3813
772
2433
1894
2676
1679
2679
3912
248
2454
2178
588
597
1516
290
1963
1838
1955
2525
2915
3803
1648
855
512
1606
4041
3701
3457
1695
595
365
2850
3008
2496
565
1704
1708
1558
1000
1547
4021
719
1467
1893
736
412
641
2590
2170
3524
978
4049
2259
2791
3388
3041
230
3417
2860
2739
3330
2625
3093
3566
3599
1025
2447
917
2997
3435
2895
967
1661
2249
128
2918
1419
2724
3904
2940
2919
1609
714
158
1327
3152
3621
708
382
3006
1263
2394
227
3688
368
2046
3605
1869
1888
1964
3696
1835
3049
3749
2224
1879
2198
3641
440
98
3984
2536
662
2597
1212
2406
2820
3342
2075
1051
1134
610
3145
2160
998
3974
1180
3507
3122
1270
3997
3927
2883
3321
3356
394
3943
1324
1572
3510
965
1641
1314
1522
257
3496
3731
115
2974
2541
7
2327
2416
936
2647
2979
3991
1757
3651
4082
3104
1170
170
235
3365
1770
2607
940
2852
1811
909
1594
2672
1549
1331
1793
2493
1406
1240
1075
2833
2227
1884
2133
3329
3966
2003
892
3331
576
298
2315
1227
2353
3690
2101
1279
3193
3032
2321
495
2424
3506
3504
3064
3047
633
2501
1097
1636
3362
2096
1718
309
3764
3347
1049
2028
1432
3939
3512
1410
3230
3663
94
2487
1514
2578
813
1086
2533
1494
2303
1624
1445
1345
222
2190
3710
1409
654
3493
3070
2106
1108
3526
1877
4077
2746
3639
3807
1637
411
2934
3963
3450
1808
2912
877
2731
1194
2645
1231
1008
3757
1330
3935
3175
2116
598
3085
1074
3144
2616
3720
753
2478
1054
2142
3238
2584
2686
2922
1126
2148
4052
2461
985
1077
1235
586
2068
2202
1431
1941
2226
1614
3924
1567
3882
2244
2054
3776
2217
1140
3200
3325
66
823
2869
1262
2744
797
2118
921
592
2271
1497
423
3432
2407
3665
1684
3854
1966
2163
137
2209
3914
4025
3962
279
3802
2589
436
1492
2560
676
3938
554
1537
3217
2741
2047
3558
1476
990
2812
2764
3046
2103
3071
2043
458
475
2427
1136
3045
2451
1478
278
3864
657
51
2713
789
2807
3309
1815
2311
1577
4009
3268
3306
2705
452
2969
3795
3756
1282
1734
3970
467
349
1994
2547
1252
773
3227
388
1328
2532
3572
832
1300
3863
3462
3203
2750
3577
3853
151
148
1765
2408
2849
179
2899
1179
2718
1239
2982
2238
1383
281
748
3448
3151
2360
3940
118
3473
1363
759
1123
1433
443
3124
1951
2367
1397
1668
3828
1349
1374
1750
274
4084
2552
1084
2435
1836
3555
2811
3163
3821
3658
626
171
3695
4081
3447
2556
605
29
911
3187
776
506
2039
3154
320
1471
2398
95
2397
1575
2409
2863
3125
359
255
3514
3142
1195
1011
820
3267
2522
976
3499
2480
1721
1543
2926
767
1698
2033
827
133
3271
1181
2431
3929
2011
1887
3973
1544
2810
2020
2347
3736
301
1538
1874
4096
3832
3397
2893
2963
2192
2669
154
1218
3564
2570
3604
27
2032
1928
2827
1450
1615
165
794
3947
4071
2317
1789
1786
4094
3967
628
643
574
451
486
667
3259
2778
3519
2150
854
3079
426
2305
2104
1138
1102
1732
1154
497
1824
1299
1355
1777
2789
3471
2027
760
509
1189
1527
3666
2704
391
2137
152
3844
3822
1579
1971
1310
3276
3682
2291
2252
1290
1981
3069
1298
4067
1847
1532
3982
2621
4091
2957
3179
2090
1890
1807
2674
2095
376
3693
2273
3955
2391
3732
3972
2984
3738
2601
3910
2822
3318
1588
1366
2592
1021
2041
1995
2430
1627
1052
971
2185
2566
3771
2149
4066
716
2366
468
3862
96
2448
253
3229
1553
2290
1691
795
3315
2816
1794
3645
1500
339
386
2579
1839
401
2608
2098
16
3108
112
121
2723
922
4013
2574
132
462
2531
4020
3877
560
2230
2193
3723
1198
1590
705
743
2639
902
181
1332
2857
1018
792
3849
3897
3523
2966
1645
3277
887
2886
1253
3837
2537
3537
1350
2340
1093
1068
811
3703
3686
3574
1568
283
3013
1135
4045
189
3976
224
1205
890
3509
3214
923
1245
2695
3615
529
1694
535
342
3386
2266
1800
1042
3944
3441
3880
664
2933
3434
3964
1931
3007
1003
2735
141
2233
2084
2665
1346
3113
3543
484
2359
1094
1644
23
3009
754
2960
1312
2232
3683
1403
1465
28
3617
3501
2575
2840
2492
1209
3135
3868
430
3539
1861
3323
1440
678
3673
3031
97
1103
635
3474
2749
3733
3120
79
1593
3164
2123
1043
2262
572
3270
3425
3478
587
3502
1639
2432
2245
2070
735
3978
707
2573
2143
3919
83
3948
1699
3317
3439
500
599
865
217
1458
3181
1989
2445
2063
3205
460
3231
2239
3619
1623
2911
822
661
3662
347
328
2848
1736
955
2428
325
493
2216
1127
3859
2550
3528
2620
4042
1048
2875
3533
1088
3456
2012
3730
2334
1519
25
3027
783
946
2660
3977
3494
2153
2062
3052
1595
1891
3479
2581
1061
1119
1149
1351
1743
3072
1930
1778
3284
3084
199
3364
370
2208
1204
2978
3228
429
2013
3892
2891
869
3466
4007
3873
1785
682
13
3779
3627
496
1385
1495
1386
1022
2509
2365
1143
19
2715
3065
2299
197
2588
2637
3169
540
961
2970
3272
1391
3495
1079
2892
3118
190
2276
1681
2745
1997
1395
3836
1585
1487
2870
3075
2401
2195
3426
149
1369
3789
3685
344
1251
1859
2400
2985
310
790
3444
688
2657
1056
263
3492
1428
1911
1720
2284
991
2213
836
2392
244
3869
4033
1137
718
1420
2023
1176
2846
828
358
1589
291
2422
138
4076
800
2905
3559
3078
3429
1944
2633
1163
515
200
2211
3633
4093
557
2236
3570
1640
1827
932
3357
1200
1515
669
1080
3595
503
1873
3708
80
1872
905
2329
3326
3766
272
3889
1821
3421
2775
341
1982
1939
1012
1625
3744
3825
2564
2425
1196
3016
3237
2661
2819
2901
3433
3445
3888
731
2803
2868
1256
1187
1250
1307
571
2314
2703
2721
2064
1587
2268
3395
374
761
1747
3015
2598
453
457
343
3358
727
3014
1481
2862
2546
2001
4056
379
1945
285
3721
2091
2876
3123
2488
809
1924
2702
20
1843
3109
3743
2700
2606
3817
1091
326
71
1427
1914
432
2162
3856
1072
1961
2441
3801
726
2251
2089
3119
845
514
3699
2313
3413
2535
1520
3679
3672
2352
3647
2145
1671
2450
715
60
3107
3900
2275
1952
2701
3969
1078
1709
1656
2309
627
2300
3066
393
2212
1118
1177
1169
2729
48
2604
188
2482
3226
3516
569
1923
1164
4063
1090
2333
410
3477
750
2814
1128
2358
88
3082
4029
1977
3374
2179
697
1987
1566
3876
40
1211
180
2751
1787
72
2635
2228
2331
1850
3415
2885
3990
338
2941
649
1283
1267
3020
3560
90
1166
1517
2161
4018
2530
182
4050
251
1797
885
3153
2753
1781
3287
762
3188
1036
2961
1569
2475
404
1348
2740
3845
369
4070
3311
3195
385
722
32
472
2945
2687
3745
2906
4019
2357
2587
31
1740
2780
1578
3361
3073
2559
2629
3777
1246
2685
1730
3657
1225
1045
1844
1104
2117
375
710
3266
2774
3298
3640
815
2085
2479
3768
114
3593
1491
3668
3952
4001
3490
350
1613
402
319
2527
1857
993
3763
383
226
880
516
883
3594
268
680
935
1197
2659
1343
1660
2035
367
939
1326
928
146
619
1322
2298
3759
1688
3700
2158
604
1706
73
1323
2823
3820
2346
14
2120
1969
536
2374
2806
2260
1638
1851
2376
1472
872
2609
3305
3579
1466
1426
1168
833
2269
4039
4006
1510
806
2800
1192
119
2867
2596
3166
1302
3338
684
3143
2387
1712
1373
81
1414
1387
4014
1375
2141
52
3341
2508
2449
1899
1658
214
2413
1825
2989
62
2565
1359
3937
1162
1771
671
2165
533
4003
399
78
2231
1938
2109
1280
2943
1752
600
3111
1759
1654
2326
609
3319
3004
629
2520
2000
525
802
3097
464
1041
2468
1148
543
2930
1905
2199
3419
2709
2938
162
2921
3707
1552
155
2395
2200
2743
2995
123
2782
4079
1596
3634
1988
582
1482
2874
287
3251
1114
2769
1867
3475
2134
2506
2147
3005
1863
702
4043
74
107
302
3185
745
3815
352
3843
3852
1790
3257
2909
3405
491
378
948
2460
3580
2907
2372
271
2044
564
904
843
2712
3176
2784
318
1933
201
46
259
1287
3851
997
1396
2610
2513
3746
3044
21
1886
2171
1727
1755
312
3245
3576
431
3866
6
3987
2504
1713
3530
305
934
896
1599
335
3302
2414
799
1378
3765
3934
1038
612
3985
4040
2593
3833
925
2813
1444
2595
1217
1002
3455
240
1413
3724
1288
3726
555
1957
2503
2728
3674
221
3465
3033
3818
4034
43
950
3219
2613
3438
895
501
3409
2505
1247
3346
1389
92
779
3728
3575
106
37
2458
2151
3706
1485
2757
2511
1009
218
3998
1150
2404
648
545
3406
1480
1513
1523
87
2438
1796
755
2247
1281
104
2831
2279
521
3550
2016
2716
3823
2186
245
1028
3282
786
2824
1526
1446
591
2412
3292
3694
1249
2220
297
1501
3003
3263
3332
2440
353
2434
1561
3211
614
2993
1271
804
2355
2132
3256
479
3601
3428
3202
695
2282
3946
76
3050
498
3234
1213
3467
3808
2129
3847
2166
445
2692
3928
4074
3772
1130
2880
996
3653
2072
3210
3059
1798
1865
2248
3105
2576
2050
3556
2652
1940
1243
3949
3247
1382
2798
44
1157
2191
561
1005
1067
2214
1233
4053
1210
2913
373
1463
3042
1719
3541
1592
2987
1936
2005
659
580
456
2356
2697
1173
3875
530
2294
2851
3197
2953
3885
1542
704
3368
3540
414
3602
4038
1421
2253
1898
658
169
2726
553
490
2755
3774
2682
846
266
1244
552
749
1089
2015
3339
1598
959
1303
3127
1584
2890
916
2980
3871
1621
2261
1278
289
1329
4011
1604
