840
1021
210
637
734
400
969
897
624
867
967
309
815
116
667
893
18
354
118
431
939
377
201
160
2
31
374
852
804
172
357
582
500
931
678
482
250
466
587
834
346
537
742
641
72
263
712
412
735
918
890
842
662
360
513
577
285
7
441
740
178
631
673
394
732
40
243
512
603
514
147
1000
77
816
133
562
1
956
21
340
408
611
456
594
575
901
39
127
109
644
635
415
704
597
418
322
331
195
689
106
104
938
257
265
120
270
883
155
799
478
583
535
560
941
672
43
203
63
749
191
393
470
532
714
987
189
715
522
653
457
378
717
531
543
953
304
313
229
455
326
99
873
495
937
334
439
452
59
896
874
791
826
627
425
70
785
496
860
1003
836
361
914
113
403
459
904
726
161
333
989
866
636
1002
364
281
112
825
300
598
536
876
130
870
795
997
17
23
392
175
1008
511
90
55
507
222
576
809
960
502
28
588
85
503
847
465
424
480
843
797
774
233
15
861
955
318
601
523
630
527
381
851
145
405
759
998
741
1007
545
391
623
1019
224
139
81
447
252
722
501
780
183
13
878
383
868
484
959
94
61
156
93
217
534
475
53
723
951
343
775
817
423
158
151
152
880
5
912
481
30
36
768
248
505
464
288
646
395
591
445
677
650
134
149
542
894
409
108
920
142
440
643
680
476
669
1020
671
1016
832
375
74
968
556
251
315
656
202
330
761
660
696
782
329
958
448
451
892
336
317
756
135
718
237
566
707
490
27
411
37
310
744
889
964
96
429
293
187
398
397
154
474
853
612
561
830
614
934
702
549
164
790
841
209
190
348
471
695
855
261
703
919
633
24
906
528
755
170
249
163
473
434
385
927
530
198
754
665
788
351
905
47
131
342
254
294
966
287
992
764
207
180
970
933
838
369
856
341
936
140
899
235
839
332
738
276
436
975
240
68
220
107
510
266
487
517
592
837
994
706
793
314
675
548
895
123
520
949
794
255
820
253
26
928
212
66
963
865
691
453
16
766
301
303
80
450
529
124
935
69
345
460
942
618
625
283
52
647
396
898
571
771
162
620
258
1022
76
299
370
305
632
800
65
572
173
238
525
747
579
859
87
976
910
239
356
823
110
321
593
71
554
20
286
1006
103
1012
472
541
188
926
49
605
679
784
414
483
945
701
467
504
733
486
388
215
298
1009
48
358
126
789
421
884
241
319
776
850
813
736
432
946
719
885
819
903
279
159
879
538
324
925
540
236
296
232
640
835
974
533
608
117
651
929
663
282
807
82
83
45
506
186
365
845
211
413
518
977
854
1004
458
687
136
699
56
461
801
558
999
12
581
692
564
595
443
524
792
1017
153
622
516
42
600
877
557
114
957
606
828
778
362
494
3
165
869
757
115
185
230
193
713
468
97
9
806
752
192
728
402
947
891
648
146
410
234
38
284
818
984
676
911
181
41
204
274
810
44
221
485
902
599
773
169
219
666
1010
119
831
586
924
694
184
401
213
79
829
389
280
952
168
200
629
864
100
589
971
206
277
573
986
574
226
745
262
208
1001
772
382
551
420
355
86
995
569
767
430
613
404
802
674
469
596
690
260
688
765
366
805
477
909
308
179
661
376
711
803
148
568
922
463
858
682
833
872
515
585
498
22
697
921
349
639
863
227
1015
492
559
493
862
944
724
822
943
848
567
887
143
913
292
610
367
746
871
306
972
617
811
92
748
50
67
182
359
390
769
316
578
197
406
368
46
231
291
105
546
446
488
426
634
150
60
590
497
491
539
444
174
228
384
335
307
737
245
824
973
628
996
75
751
808
684
798
371
563
881
6
508
33
51
199
166
555
328
649
812
731
268
875
311
223
708
273
225
857
88
442
727
709
683
95
981
101
552
988
786
961
176
907
8
57
272
607
550
954
14
58
604
73
750
698
526
144
111
626
1013
264
770
416
615
658
352
993
98
499
373
350
681
246
916
716
753
380
214
325
619
302
216
781
846
979
796
1024
435
32
584
132
138
407
657
965
141
379
247
242
196
900
763
544
783
553
521
454
721
547
685
417
670
267
991
882
758
386
609
821
137
705
888
908
269
278
720
256
642
725
122
1023
344
353
730
932
743
700
171
1018
652
205
655
779
602
295
990
427
10
259
91
89
19
64
363
399
565
668
218
980
762
978
290
1014
777
930
580
948
739
244
337
616
428
940
419
462
449
271
433
962
327
693
29
923
177
787
289
11
664
121
194
645
323
489
78
422
814
950
519
54
437
339
1005
509
387
129
982
827
125
275
710
686
917
4
157
128
983
167
479
102
849
621
659
25
84
985
62
760
347
34
654
372
570
1011
438
886
915
338
312
320
729
638
844
35
297
