332
247
111
248
303
125
423
262
207
357
299
289
222
27
282
311
61
460
491
157
300
358
352
204
95
385
312
151
124
35
60
315
214
142
83
242
379
194
325
192
403
358
359
260
98
132
133
244
107
152
165
420
293
376
259
391
182
351
323
215
492
463
201
76
360
360
279
289
374
276
276
301
274
258
112
110
290
231
161
250
164
235
495
472
491
120
310
341
11
135
240
256
184
458
251
454
63
486
380
192
277
505
368
231
447
300
417
502
429
24
370
57
23
37
132
494
440
306
285
399
380
436
157
131
466
220
14
51
112
148
281
97
457
336
6
5
210
83
407
31
330
436
468
417
462
510
43
214
388
301
5
75
168
502
221
186
358
461
197
208
427
383
191
458
334
243
61
484
13
347
27
60
468
455
167
147
10
113
43
365
394
421
351
75
307
212
133
320
399
11
75
448
122
486
311
194
34
327
265
121
328
42
144
384
389
415
417
35
425
111
139
415
490
248
177
248
151
134
458
249
361
506
326
401
261
323
328
457
150
201
308
45
186
205
5
308
408
233
229
26
140
127
297
497
113
404
116
354
299
334
371
185
397
12
31
266
345
173
27
436
394
415
281
325
269
63
456
282
210
507
60
204
505
39
416
119
131
351
236
332
376
224
284
159
227
397
373
63
42
409
231
313
450
19
210
466
39
447
406
251
237
98
260
175
4
313
255
49
34
147
491
322
197
243
399
277
229
37
462
497
294
237
245
353
232
273
466
304
449
461
88
88
483
160
474
200
254
506
89
472
288
283
134
185
491
477
39
124
54
286
363
57
437
375
244
489
291
419
248
3
183
436
117
338
30
47
231
208
474
286
287
265
359
356
450
312
364
85
74
128
165
344
350
384
337
179
157
134
91
91
16
464
33
184
180
430
133
178
492
55
164
159
79
232
369
430
301
399
456
329
505
25
396
260
192
184
76
244
431
25
25
451
458
267
297
471
177
267
369
364
249
225
490
118
371
294
467
210
109
16
278
205
103
305
403
15
301
488
41
484
307
200
267
191
285
196
167
299
480
321
385
490
213
183
50
31
121
111
248
386
189
221
223
296
430
251
216
72
350
508
107
91
31
9
297
492
289
206
376
479
44
489
334
229
33
254
110
7
342
326
501
266
351
309
315
249
142
494
114
71
264
228
