324
478
155
411
46
477
21
417
11
374
76
192
53
378
266
84
81
132
14
296
473
95
385
383
138
465
98
338
93
17
506
160
201
409
137
134
247
425
352
77
286
146
308
340
55
285
404
120
495
350
202
494
432
86
217
301
152
107
267
4
329
187
272
356
507
369
464
133
450
508
193
252
92
396
472
410
104
197
318
361
474
64
220
354
223
121
112
29
236
70
379
265
344
15
370
368
116
322
169
497
215
139
366
269
233
196
258
388
211
206
479
175
232
210
50
172
317
204
414
291
209
259
198
73
289
459
293
126
283
231
328
195
227
419
75
156
240
484
51
439
440
418
208
434
256
124
111
311
401
94
66
469
358
20
60
238
375
82
56
427
364
142
481
188
429
305
141
47
447
85
339
424
167
412
237
123
115
171
288
505
372
482
348
13
445
323
174
113
27
164
511
89
428
274
234
222
500
360
80
468
10
402
199
460
279
355
380
397
168
129
90
179
161
185
486
35
225
362
257
250
306
74
135
65
26
218
334
273
327
87
284
297
457
177
28
271
83
181
341
510
149
242
239
345
44
290
100
300
315
423
200
426
389
509
302
43
346
387
7
106
363
99
471
61
63
420
319
480
462
282
371
488
413
88
475
466
30
31
205
1
335
395
490
71
367
467
405
303
421
377
438
298
246
416
314
456
49
78
326
331
57
243
455
384
24
6
441
275
435
392
332
48
68
186
448
25
212
79
430
96
97
23
264
103
12
158
33
235
2
276
376
157
253
72
353
249
244
492
498
461
170
263
443
491
140
304
501
162
226
166
18
165
381
357
102
499
254
143
153
382
299
463
281
393
221
101
406
190
118
184
307
194
502
128
59
452
489
278
109
178
41
117
390
493
251
22
287
342
321
136
228
52
91
54
151
255
191
42
182
108
9
294
189
398
241
310
38
407
437
245
176
512
16
34
261
144
454
213
203
496
58
125
343
154
5
330
32
399
260
391
270
476
207
159
337
180
262
214
183
8
313
349
444
433
336
386
431
277
216
453
458
119
394
163
280
351
320
148
295
470
487
436
446
503
309
400
45
19
415
145
39
173
504
365
219
359
408
312
131
325
130
373
483
3
110
37
127
333
67
485
147
229
403
40
224
36
451
347
422
292
268
449
62
114
316
122
442
105
69
230
150
248
