74
31
142
77
50
125
143
78
138
73
121
112
155
5
131
254
55
21
231
72
213
83
196
135
109
243
192
90
61
227
219
59
115
150
225
52
23
205
235
82
106
13
37
67
1
60
194
118
49
40
14
174
171
63
111
147
85
161
215
25
182
208
244
197
200
113
137
92
133
154
226
246
104
202
129
41
199
156
36
11
95
146
186
108
20
206
165
239
162
120
180
101
245
248
94
97
89
184
79
170
185
250
123
71
105
42
130
54
175
157
16
47
56
145
193
173
44
68
62
212
204
238
24
122
12
222
247
65
163
116
189
256
102
46
251
69
187
96
168
75
236
98
201
249
84
127
39
35
232
103
218
176
3
19
22
99
10
191
253
220
9
126
141
119
7
27
237
28
148
203
128
233
38
53
100
172
93
214
242
179
216
132
33
177
149
144
80
241
151
255
188
2
230
29
117
140
88
223
240
159
114
198
110
91
107
58
158
76
153
134
167
17
224
66
86
178
32
57
211
160
139
217
87
26
252
45
8
4
209
15
210
18
43
195
81
181
234
164
183
30
169
221
207
228
136
64
70
166
229
51
6
124
152
48
34
190
