1280
5712
2252
6870
1074
1958
1867
5273
5213
3848
3311
2905
3677
4453
886
2000
3060
2496
981
1442
7798
1067
7608
116
2003
509
5025
5709
6634
403
2815
6768
4619
125
1110
5697
6757
6921
7207
7464
5717
1348
1444
6341
1346
5167
1261
6928
2024
7497
944
1257
3015
3981
4803
1343
1525
7193
4773
3402
4414
3001
5744
6630
4804
5866
8064
3129
3071
704
3799
4683
473
6204
3169
6805
1956
3530
3927
8044
6988
4695
1913
1212
6258
1164
2479
7211
5306
6800
1376
2860
4931
2653
4470
159
3080
4208
4735
908
6425
6730
7818
5018
1152
396
2804
4861
6832
2001
1069
5718
1141
7642
5405
7112
1599
4966
949
4536
6178
2097
6334
5777
6358
77
5152
1369
3567
7073
7057
2673
3231
3240
7712
6373
2
3000
3964
5737
1311
1878
3301
1933
8005
4460
7251
5877
2769
5461
5434
2070
6338
766
4518
3935
1214
5583
6442
1545
4296
2307
1427
3120
7467
3733
82
2672
4230
1126
7436
6040
6151
7864
8048
3295
5476
7353
2704
6480
155
3118
6444
4664
3764
783
4002
6600
857
6748
4474
3513
7564
3160
425
1575
1007
6823
6461
5286
3589
4841
5072
52
4334
7632
840
5324
139
7568
7182
5618
6147
2065
988
5756
5397
2275
7066
3052
1625
6793
1207
6707
1684
6085
3509
5960
7376
3613
5825
6652
1024
8095
38
4893
59
5828
4073
7802
6875
5927
1865
1740
7675
3100
1936
3078
7591
7735
432
2680
678
1967
6271
7586
5165
5418
4281
8157
3980
3779
7113
5184
1783
5842
6736
5604
7370
2843
179
4134
7322
6937
6111
1020
5815
1555
6909
104
5991
6718
5646
3577
4858
7218
2779
4071
5715
451
2348
6949
516
4788
675
1242
5859
1491
373
3473
2737
1025
2126
4724
5729
2273
2777
143
6957
1955
1079
6357
7891
183
756
387
3375
4787
3285
6397
355
928
6784
5186
4481
4425
7783
7042
2780
4295
5988
6518
5746
1290
3322
263
7157
948
3490
5131
3041
3188
2460
3287
8034
6081
4924
5501
1149
1946
2401
478
3057
4067
7220
6135
3392
5794
7148
305
7151
775
803
958
7765
714
1490
3652
6922
3555
7273
471
4123
7927
5837
1559
2771
2912
2387
6505
511
3886
240
2080
7739
3976
7178
4697
5892
385
617
4946
650
1542
1189
5832
4248
5363
1812
5909
3748
2425
6582
3912
5470
5440
5062
1768
3363
6959
7755
2489
7061
1502
5066
518
2942
1140
4509
3524
8010
7081
2116
4419
3055
1564
7001
268
7412
6225
7773
6274
6044
7991
6058
503
3696
5454
7917
1030
1234
3341
2020
2788
6310
5342
3497
7264
1298
6695
6012
2918
2523
8155
5989
2718
1920
3911
7911
2686
1553
7857
356
2652
1551
4977
292
3902
7427
4235
1887
4117
3719
7989
3230
1194
6737
2098
1106
7069
430
4985
3642
8128
1547
5304
5721
6392
5820
4784
1954
540
1295
705
2429
4015
984
836
3738
275
2727
2042
4483
1662
5610
2762
634
8049
4611
7609
4613
4875
6598
4958
5348
2861
6087
405
5727
2753
5662
5061
3157
145
6180
6389
5277
60
1811
888
8123
7305
6490
7969
7878
6131
6144
6532
7248
1731
6592
5137
3270
5253
5104
3482
7952
4265
3024
3190
6918
2542
1754
588
5871
3387
5452
2123
2046
4582
4996
3475
5956
2928
1187
2582
2025
3938
6127
6837
6978
5404
5894
3309
1157
4911
1032
3979
858
3470
7611
950
5244
4593
5843
7542
5919
3894
6601
482
5711
6665
1403
2095
2188
907
4280
5369
7780
3590
219
1971
4747
6375
5586
2324
304
4461
961
1929
4534
4507
1323
5202
2940
6712
1215
487
1458
4207
5256
5541
1113
5944
4802
3107
6884
8058
6576
3602
615
5559
7072
6417
5795
3913
3348
1244
3557
5334
1045
221
5129
6611
1330
4766
6122
2525
4822
5441
1388
3416
1988
1840
299
5750
6061
3791
611
5723
3540
5739
5318
5082
6095
2792
4122
7660
5530
4384
3551
7926
788
8131
992
4082
6792
1367
4463
6758
8156
5316
1587
5687
6429
6413
7703
3211
6764
1483
6448
7226
3351
6929
6175
3462
6154
1725
8063
1186
2490
3148
160
7651
744
246
7505
4831
7698
3477
1226
2067
536
5458
441
8046
3170
2357
3674
5716
553
4525
5597
541
7492
7263
4674
3883
5423
251
3023
1622
2251
1432
1099
4549
3342
3286
7229
3194
6454
332
1845
799
1539
3967
5898
8060
7441
7574
2713
4615
6288
5838
3581
6815
4712
1218
4403
5098
6120
4535
491
6254
4757
8151
4677
4047
5399
123
5526
3209
608
420
1213
2154
4760
4855
7093
2921
1288
5214
5140
3564
5052
2427
3609
98
2402
6297
5270
1558
113
6053
4793
7498
6778
1745
1393
4892
6533
8097
421
918
5035
5365
375
4639
6414
7443
8089
3778
3258
717
2729
4016
2638
6625
7583
2852
648
7589
3688
4916
1056
3655
2979
423
4111
6798
7134
2965
6772
2094
4863
398
3056
1824
5585
1284
5652
715
3275
7800
7525
8139
7931
1821
6072
8055
6320
7123
2549
1828
3726
5421
5981
7856
5656
1139
21
6330
7607
5284
2604
3290
8043
6759
6384
4009
7685
4005
6099
5172
1755
6221
7402
3433
7414
2646
3390
856
2317
1998
7083
2159
3850
5024
2359
1133
7925
2601
5258
3225
4653
3585
2770
8182
3459
3277
2043
3582
630
6368
654
7380
3469
1648
5444
990
3262
5971
1728
5643
915
2383
5330
1602
3730
5209
1090
1183
2407
987
108
2174
653
1536
7013
5773
6861
7549
7187
5710
4424
5349
1528
1585
6244
5453
4119
6226
2267
3502
6617
1048
1231
980
307
3763
6904
88
4854
5679
2356
3108
7705
1637
7637
2535
7500
7031
1659
6133
7845
4673
581
265
2782
2209
3308
217
2732
945
2599
5193
6394
1364
7963
821
4610
2884
2355
1941
6046
3669
3755
1911
4219
2445
7271
4072
7321
3098
6780
2227
5124
1391
1686
5154
5074
344
7888
7239
7629
7074
3377
902
1842
3875
508
5691
4053
6741
7158
4810
7787
419
5180
4413
3349
2845
4359
1750
2569
5240
7903
869
6906
613
4062
6451
4350
7147
4283
336
3673
2319
7136
685
1103
6866
6958
4116
6591
5522
2717
1612
1046
7476
1805
3045
1451
7399
4983
5787
4233
4347
5134
350
3137
2086
6841
5808
3930
1263
1500
3893
3670
1419
1554
2147
2061
6089
4
5963
8091
2021
1722
805
3418
2903
3847
55
7641
4882
3263
6208
5473
5601
6882
7438
7699
3398
291
6633
2576
2924
1117
4920
1520
4515
5331
5386
222
1137
1122
1037
2939
2614
2723
2162
1182
6379
5313
2557
3984
2581
2812
1397
2015
4993
7225
69
4449
6229
3819
3682
500
3546
2122
3260
5057
6817
6349
8175
3413
3232
6585
5518
5569
2813
2279
955
7064
5442
6230
4811
3721
4532
6535
5953
6649
5430
4437
1420
6941
2463
6148
7622
7960
4806
3936
601
6236
3366
4037
7499
7745
2872
7010
3863
6062
1921
4289
2612
7617
6739
1159
755
5226
6287
5695
4357
6867
3915
2414
7871
2674
7656
5855
317
7135
3881
4748
7664
5389
5495
7283
1464
993
7155
2711
7938
6261
6312
695
2293
1381
1695
6971
7195
2983
2894
730
6160
360
178
801
4973
4008
4753
5288
3414
7672
1706
7861
5836
1795
1075
1413
1940
1904
7661
6412
364
4969
1730
1412
6401
7996
3021
5872
3449
7277
4385
7797
1549
2657
7582
6206
267
4203
1275
3283
2233
1820
6791
1310
567
5819
7421
1571
3494
7791
5329
3903
5310
3228
6217
1036
7758
1584
2078
3584
4824
899
3146
6856
4686
7424
2710
6637
7325
1774
3350
3200
885
7569
795
4681
5745
7334
3765
8120
1196
2751
5802
2298
4939
7935
7384
6919
7720
3815
7434
5426
5785
2629
5949
2124
1473
3521
5572
3397
5078
6057
4113
3044
1501
6424
204
8093
3431
4765
690
4058
6984
2245
2997
5302
7003
2112
6036
2266
4162
7160
4069
7084
138
3368
6848
8067
583
2645
1254
5347
6304
2562
1778
2898
722
5054
2943
6973
1727
6726
4874
5283
1766
2258
4064
2082
4328
4557
6166
4493
6090
6608
7333
2505
4607
2076
4423
1980
4629
1801
5014
4750
7102
2855
5922
7328
3996
2459
5102
5748
4278
4508
6916
1409
2054
6000
4730
5663
6846
7732
7631
2527
5044
3629
3304
5966
3864
1383
3339
595
7111
864
5914
5230
8038
5982
3723
719
5407
1181
4250
4764
6613
2127
28
1716
1521
808
5844
2969
5943
898
1504
1643
4706
3218
2492
807
1675
2200
2016
6200
1072
2297
3999
3357
2632
3116
7070
6588
2225
6899
2092
1513
4351
1
1862
1016
3255
3649
1331
6872
3103
7666
7361
3254
5428
7005
3257
4971
3503
7898
831
721
7247
2469
3874
8023
6658
2800
2236
7515
2131
5827
3423
3600
3766
3069
587
5567
6474
6004
7252
5708
381
813
3768
2295
703
7976
6525
6781
3499
872
306
3034
780
1702
2655
2776
638
7025
5419
1656
5555
5887
5562
7581
1027
7932
207
6364
15
2287
5542
2567
6435
3471
716
4376
2465
1635
736
3115
7291
2389
1772
4285
3360
7805
184
3352
2627
1480
534
5336
2772
6991
979
5853
5036
2340
3707
969
6024
4751
3737
1313
5868
2313
8026
6807
4405
7988
1945
1400
3006
2948
5490
1402
6993
7378
6445
3760
2623
205
1763
2249
5111
342
3865
4181
4641
6502
7722
5367
5393
311
2660
3216
6571
8087
5436
3244
3435
4539
6157
2656
3709
624
6422
8113
371
3993
5435
5001
1592
6035
5505
153
1826
2745
2972
6963
2004
4752
3333
6628
7355
79
4298
7982
7522
4666
136
6003
2486
892
367
7162
3986
2380
6554
5630
2205
1670
7744
4468
6844
882
6708
1794
4253
5839
6987
672
2867
7140
4542
5803
5269
1949
8103
5033
3428
1146
4642
5037
7621
1636
6423
504
8148
3854
4112
7435
2052
1217
3552
2168
2115
3205
3158
4528
103
1002
5713
4345
4537
1970
6755
3511
4605
881
3798
3354
3762
3105
6199
5867
5206
8111
6610
4024
6139
767
6606
3563
7481
7243
6194
6030
2817
2850
7767
4446
7881
1843
2622
245
173
5860
6080
557
6155
7281
5804
5769
573
5740
1532
4836
1923
6067
281
1776
3367
3483
7154
7895
3455
7645
3650
7658
3121
6487
2315
2508
6863
3858
5285
2538
4226
5031
71
1188
7078
3690
3456
4041
3888
4240
6117
1221
6026
7181
3788
7301
6308
5338
6361
3484
7862
5878
4084
3580
443
7446
2881
2883
1145
740
6275
4739
6892
137
6231
5707
7570
7320
6556
1947
94
5779
2619
7919
393
2051
2809
1932
5009
7670
3095
66
1797
213
3926
3944
2742
4213
2726
6511
5973
2783
1352
2157
3636
604
7336
5123
4313
3346
1714
1982
6213
4234
5706
1910
4473
3239
2069
2135
957
2999
612
7510
7375
197
4982
2303
128
3786
4485
7319
3605
6765
7019
2990
6920
5534
1644
7475
4036
2806
7433
3711
7331
8065
995
7905
3957
4756
4432
8112
6482
7849
5353
7055
6639
6641
4406
4936
130
2871
485
5558
6526
210
7377
4852
649
407
6614
2328
674
1360
5736
5077
7781
4562
2689
6642
7639
2976
5332
2899
771
6753
851
7051
6932
770
6669
2120
1382
2028
4088
6779
4600
4477
999
4436
5578
2495
397
5899
1453
2332
5688
1605
49
6469
5724
7038
3838
56
8057
7063
327
5366
5384
5115
5141
6742
2404
5271
6790
3899
8122
5192
6066
1363
2222
62
2664
6694
2724
2084
7793
7030
2175
1760
5321
2670
5875
2329
5926
5958
1224
1676
636
1098
1287
4010
4316
6396
33
3018
6915
3833
6539
3282
2548
6043
2925
1672
5977
5478
5391
5168
1053
5030
889
792
146
5373
1647
5693
5638
1324
3177
3604
8183
3885
5772
7679
7194
5668
7279
7673
3514
2399
3505
8075
2364
2280
193
2499
4599
930
7508
7444
3623
2057
8069
909
4656
8110
5073
7729
8037
5947
5174
2058
2974
7145
117
5975
593
2728
6302
2996
983
6314
3401
7984
2068
1436
2930
506
5884
5414
4078
4236
833
4454
6950
3916
6728
3411
1264
8052
1976
724
3771
5658
554
1235
493
4902
7016
1515
5565
4989
1618
3378
3932
3457
7719
3197
237
960
5590
4389
3088
5188
6464
7860
2545
1607
1863
3394
598
4952
2944
1997
4909
7410
3313
2446
7170
5910
3104
2720
8000
1786
2768
6091
4396
5897
2121
710
3298
2224
5940
4986
6868
4368
3215
6169
2256
5965
4371
1279
3628
1678
6520
1429
2621
1493
5900
3876
1269
6348
169
252
938
8059
348
3626
1387
461
3943
2422
5477
1297
5028
5759
8030
5040
3250
1232
1567
6662
5443
3949
3856
3126
2039
1600
5254
5629
3703
7896
3518
2049
3005
5222
4887
2451
7366
6911
1881
916
4817
6110
6655
2194
6683
7489
7290
4820
1170
2230
5176
7350
7234
3700
5726
7242
777
2929
3809
1000
1260
3314
216
5514
7311
5886
6528
5523
201
6948
6587
6908
7462
6602
3417
6756
6496
2346
5437
5377
6193
1251
3479
4884
2658
1486
4932
4142
3851
5130
6570
2608
7133
784
1985
7339
5388
3566
2424
7532
1683
1707
4467
7928
3527
4819
3978
2239
4455
7942
4190
1455
7695
4445
6509
4259
5489
5228
95
2482
1253
1692
6711
875
614
5201
3694
5998
6342
2342
7734
6415
718
1384
1925
3969
1191
6450
4305
4990
2908
2133
3427
6388
5755
376
4399
8169
2081
6931
3828
4187
6930
912
867
5148
3486
5259
3922
5339
5170
5628
1979
2197
1658
2916
590
6238
4547
1603
6378
4981
7268
5581
83
6715
5818
6503
1447
4963
7190
5481
449
5962
2992
2111
3790
4524
7553
5355
6504
3331
2982
4703
5667
3267
5051
1199
7009
6564
5448
115
2667
6974
4293
5539
6050
806
7821
2223
7599
5248
7270
6263
4745
1696
7004
2409
1294
745
4572
8114
8033
7519
75
1147
7371
707
76
779
7041
5053
7449
697
2890
5403
338
3274
3665
6458
3920
2741
7756
1884
3966
4152
7172
6681
7714
1514
4625
5496
4402
5200
7289
161
4592
4342
7874
4068
1051
4606
5267
4955
3987
2390
4899
2464
4070
7108
8051
4668
2381
6897
6635
6132
110
7733
3306
102
644
6956
174
4210
3404
4577
646
3334
7738
8117
5381
4197
354
5085
7
214
3750
399
4378
7086
3840
6054
3537
6595
3808
1699
6640
7213
3860
5516
5907
7460
3678
5591
4725
3176
5865
5633
1192
3595
5531
5445
7022
7696
7238
6400
4694
2761
3685
6476
4635
2864
4019
2949
4669
3991
2302
463
5241
6333
4001
5684
6134
733
2033
6689
8164
5058
1608
5002
7576
2454
1651
1108
6599
5177
2841
4644
6994
2207
2182
3716
4450
2766
233
4034
6985
2773
6029
7002
4239
6686
3522
731
5344
2707
5099
7560
6771
3445
3220
157
1963
763
1898
7415
7774
7075
2370
5979
3667
2756
4035
750
6838
3679
3122
7318
4608
952
7209
2253
3064
7748
57
8165
3434
6436
2467
1919
6644
6047
144
4398
555
7506
6667
927
4096
3676
2309
2288
2171
986
6789
7885
5050
3508
6293
5598
8153
1517
1930
2102
228
3906
3355
1864
7122
7835
286
215
4344
1134
1083
1302
4115
943
3827
761
120
4244
2705
4457
3634
446
5549
2353
7706
4077
484
4651
148
1879
7174
1281
5275
544
2294
727
5538
481
2196
4150
5599
4594
609
7215
2237
2229
3569
5272
347
5119
3506
4901
6489
5735
5588
3715
5921
469
1519
238
1829
444
5619
6887
5835
577
4459
3195
4228
2752
3054
1119
3789
4085
5236
5540
3761
4948
7171
6075
7770
4300
3712
742
470
4776
212
409
2913
7411
3476
3184
6811
5821
6190
4807
3781
7649
3307
3093
8104
3406
5006
4838
7058
3013
4014
5889
3844
2117
4839
1999
1966
2396
920
7265
1621
7408
7014
4055
1606
7359
3890
190
273
331
4758
4411
5903
6751
6255
6609
3998
729
4331
318
2377
1038
873
4260
1057
5845
4856
4137
1063
3382
7502
4548
7231
530
4870
3303
6098
3379
5067
126
2437
5197
309
7555
4388
4430
6835
3947
5161
4622
3822
2554
2858
8054
837
4579
7779
6210
3914
1317
8127
2193
3020
7817
1123
2579
3009
3294
708
6808
3616
247
4660
2803
5551
7224
1425
1469
7710
941
4479
5915
80
5345
2215
3970
698
6064
3538
1452
4974
6966
1581
6300
7368
5298
2289
5641
924
3576
3787
4323
2671
7164
7053
1619
6716
2299
8158
6187
363
4196
7199
341
1161
6459
3645
3742
7567
5980
6311
5128
1543
330
1291
4131
4770
7565
1463
7784
7814
2960
2153
5639
2062
2876
4372
3040
3681
1582
4709
3083
2450
2647
6551
1617
8152
2338
3832
5287
507
3549
280
7562
227
3062
7429
3904
3280
5075
3871
3758
8150
664
3488
1711
2087
167
5323
2721
7250
7709
925
1489
2836
5647
6654
6687
4626
7146
2449
4718
7302
3067
4558
5596
6651
5766
2573
7269
5127
7890
2591
7067
3460
4143
6722
4292
3318
3224
6698
4360
4655
5260
2698
1319
6702
7683
7484
8166
2471
4896
455
6163
3087
1899
2977
339
3675
3884
3687
5203
574
1739
5333
2385
7404
517
645
1813
6355
5096
3361
2633
5091
3077
796
4944
7369
7293
5846
3364
4487
3841
4391
1210
2336
7298
2952
6889
7786
673
8140
4417
44
5552
2832
4245
2435
3183
1009
384
2819
1115
6298
5741
982
3820
4744
2274
7839
1448
320
6395
3541
3515
8130
3891
462
6646
4100
3050
7647
4464
1236
4662
5858
5704
1769
3193
1937
1088
5093
6299
3265
7129
5341
7470
1478
2285
3356
8085
4860
3561
3702
6907
4721
8041
5023
1204
7472
1015
2325
3012
7597
1518
720
3963
7450
10
7304
7716
5265
7752
4390
1385
5508
5537
6567
549
6345
6898
2074
3452
5182
4202
8134
822
1854
2580
3573
2578
5187
2808
7513
4736
6242
5636
4953
6727
6347
3143
1524
2331
1449
6636
2933
2199
6965
1357
2281
4166
7011
6249
2763
3395
7606
135
5557
5400
7636
5913
5398
3704
1851
2987
3772
170
1143
4101
1435
5511
7825
7367
7545
5863
4310
4719
4107
7812
4346
1091
3829
6398
7337
3794
7017
1277
7420
7480
4379
7453
8009
3478
5108
5659
1201
5917
563
1624
7509
2506
3664
5574
2503
5147
2007
5350
8189
2559
1494
7310
4194
3691
1749
4480
6968
3207
2382
2676
6939
5613
3162
651
2993
5142
2426
8029
3221
6195
7000
5993
669
4845
7575
1082
2500
5834
192
2462
1418
4584
4266
3365
5939
2869
3845
5857
5864
5392
5498
5775
760
6218
1978
5242
5039
3686
1475
378
6189
4075
5166
2533
4543
2306
7169
7957
3217
7604
4646
7855
2941
4876
4573
5606
3070
519
6825
6407
2666
2859
5665
5852
417
5410
7840
2889
3710
1104
7373
4173
659
7100
7638
7230
2630
4798
5722
4330
6731
565
2759
7954
7667
2430
7893
6129
7428
3038
3059
2684
324
2109
2587
4109
1890
1131
1752
1379
820
5371
454
828
3713
6141
3293
2958
6192
302
3437
6976
7648
7854
6903
7701
1912
4941
196
7352
6479
4950
2839
298
2807
1249
6566
6497
4179
4914
7731
1238
1751
1341
5303
8176
27
4722
658
2145
6266
1112
2685
6745
2056
1666
4447
2466
1974
5041
5163
3472
6481
7830
4907
3825
3520
2787
1615
1995
7816
670
1784
4327
3843
391
4866
3305
1092
70
5563
4930
668
4168
4163
1227
5880
1781
5786
5293
6989
8024
2107
6071
586
1915
6905
5789
4917
2310
5406
4729
6353
4254
1308
7344
5594
843
3281
6512
1790
6954
7096
3099
5546
4147
996
4198
365
5181
3174
6513
3420
4726
5113
7094
7789
1779
6088
2981
1033
812
3251
691
3027
1992
3089
7795
1535
1756
861
7124
7909
3259
3440
7934
7985
5675
4472
3223
6580
7820
5068
22
7749
1404
3753
6901
6283
4637
2695
7048
6801
4988
7870
6896
4434
6161
6460
3752
6645
6769
1918
2216
1892
592
6495
7166
1900
1156
4315
7618
5683
154
6700
211
2136
3113
7314
4495
6972
289
6070
2048
4871
6696
3489
1247
2164
2497
6720
6986
5532
7585
5135
6250
3608
774
6106
894
1431
7212
2849
6546
5474
483
7930
2238
7386
1003
751
3971
67
7348
3347
2507
6096
5660
4894
513
2662
1808
7889
262
6289
5459
3329
3725
4227
1857
7079
6253
2494
6019
6858
7521
2073
1270
5383
4325
2603
8086
2391
6282
512
5296
5071
4777
2327
579
2093
3624
6943
7980
1153
4667
7233
3310
3736
5938
2733
7644
7520
7210
7021
934
2029
7723
2257
6809
975
4061
1972
8068
5742
7109
1548
1968
241
5446
1759
1856
7566
568
6385
629
1132
564
6356
6660
6536
6514
1468
4258
6285
4217
406
793
6462
728
6109
4291
4229
4415
5637
6041
7625
6220
883
6128
6005
5231
2736
2823
2231
3512
4604
2088
4377
1166
2902
7937
1492
4054
6322
6251
3571
3639
6015
4186
4401
2419
3028
6763
7409
1304
3178
165
7208
2477
4767
5850
3325
2907
7098
7993
4865
6996
4039
726
2932
2743
4348
6650
6078
4004
3960
5394
2873
1445
3740
7127
380
6142
3615
6101
4018
7503
823
515
2248
3641
4903
4400
2616
2213
1026
4789
1339
2826
974
3968
6938
2101
6714
6399
2262
2411
1645
6150
4886
2173
4589
6674
6865
1771
4690
1498
7693
1333
4812
5833
6982
3072
2510
2831
499
933
633
1175
7246
855
4214
6374
1680
4382
7671
4287
4421
4491
844
5705
4586
6
7471
7546
4587
8115
2468
7165
3661
1691
2838
3785
5754
4636
3084
4237
6706
1484
2291
972
1596
1306
6572
3127
3578
2988
1964
2543
4392
7049
6140
7241
4221
7035
1322
2027
2373
4418
7054
1174
7179
8119
1095
5625
3203
43
5483
3008
4494
2005
2292
7488
5881
589
3901
4156
3271
7593
3408
6456
3278
6457
1307
1389
1482
5783
7766
677
1796
1329
967
2368
1142
7726
5362
2011
1421
6406
854
3535
935
2620
1609
325
2261
2536
778
1073
6516
7018
6121
5817
7713
3857
7922
6913
3769
4104
2563
346
637
7633
2957
3956
3426
3823
4231
8011
2214
5048
5237
7206
5494
3016
3534
7223
7511
7962
7047
1835
6709
1168
4333
510
3776
5747
2335
741
5948
226
7255
400
7458
641
1344
3801
6182
1848
5621
4074
1674
1973
141
5337
4364
8035
4031
2167
5207
4056
2822
2624
5816
6313
2540
879
5056
7080
1240
7743
7095
4174
2547
1109
2441
7915
1165
3383
4201
1987
206
7691
382
4520
1359
2877
3035
5278
7803
3939
6467
6624
1258
6038
1875
7495
6952
4595
4672
6327
7479
1939
1623
3526
998
7345
4133
6819
528
8072
3579
359
1861
2897
1847
8062
3908
2083
5994
7451
2798
3611
4872
2694
6145
816
4252
7015
3977
2132
2433
7397
6325
7557
7646
743
6377
1438
6797
1372
7115
4716
4574
322
5225
4906
4849
100
6713
7627
7426
6022
1641
4267
7768
527
2537
6268
5431
4754
5340
6235
5257
3337
1579
7578
3213
7613
4908
2160
5876
5841
1810
4108
5654
434
6859
7998
7665
1423
3929
8106
1858
3198
6900
1414
5752
6466
6578
5874
3429
3448
3291
5997
709
5220
5608
2846
3029
7948
6684
4897
300
1416
7652
6845
1101
785
6056
6294
5390
7286
1285
6747
5770
2163
7138
91
2966
4616
1597
7681
7466
2439
1882
5930
3019
2909
8040
5506
2344
3222
3134
3381
186
3316
7815
383
7335
7214
7308
7085
5109
5790
7790
7687
2474
1757
5020
1823
7351
181
6594
4422
1646
6027
7477
525
847
6074
2243
2386
3109
5698
4680
3633
4188
6944
5083
1831
7403
959
1031
2893
6676
6581
502
7068
3299
1293
105
2392
4370
218
390
4749
6947
4160
257
3388
4387
2458
3140
358
4484
2797
1928
2654
4732
1888
7491
2143
5504
2593
521
4571
6031
2158
259
4597
4120
2166
3684
3543
7422
3706
6351
4404
1814
605
3507
7907
6018
6575
5690
8107
1679
1550
3010
7116
2994
7785
5524
1424
6725
5146
5556
4151
2260
5964
6795
7200
2242
906
2964
8129
6319
1780
92
3940
5924
7809
2417
552
1825
6360
6653
3037
1415
4091
4157
6130
5464
4544
5204
1993
6290
5995
5463
6773
8178
6804
303
2945
5873
4960
5891
6537
2683
8170
1758
4139
6806
5138
4340
1655
2091
676
2631
2212
127
1693
1102
3384
7736
4569
2791
6295
2403
1197
3075
4840
2835
5447
6201
2546
7312
7327
863
7810
5368
3946
947
4356
1565
3612
7363
1476
7128
4585
7944
942
5934
7676
811
7050
3315
2050
3814
962
971
6337
2754
8008
1089
1522
5650
3525
1639
1190
7396
7824
6522
4826
4153
5266
168
5533
2487
4383
4633
3651
769
5797
8142
4780
5607
5644
3076
5250
3168
6829
4682
5584
6292
1638
2738
4128
1653
6065
6073
7535
3481
377
5185
5732
6997
7894
3720
3792
2880
271
4099
4105
6239
5908
7674
4775
6754
3862
7718
954
4774
6668
7307
7579
180
8143
1378
7764
5427
1336
7343
4762
3154
5990
7175
6049
2789
2794
1533
1563
6390
164
8109
3907
5882
7167
6025
4561
5521
4531
1844
1576
6721
4583
6001
4322
1282
4223
3510
1629
6891
7561
4588
4707
2946
7620
274
3393
3603
711
467
1481
7474
2853
2149
3895
2362
1066
1034
4171
6552
1700
96
7792
1876
7971
5906
5402
6060
1154
5813
7741
594
7556
4038
7401
4658
3002
4355
5548
5301
6850
2232
5175
4873
234
849
5412
6519
914
4923
433
3321
5010
2874
3757
172
2947
6657
4654
5415
3618
5831
2637
4268
7972
5829
4805
4670
1871
878
1246
1994
3610
8124
5848
4144
5600
1789
6969
6568
1050
2519
1546
6946
7300
6006
3933
936
6894
3695
1984
2259
1873
5032
1086
5525
6704
7941
7551
4934
3855
1459
2590
7813
4317
1764
6241
6116
2878
5169
6228
1312
329
2706
1325
2778
652
313
4318
429
7354
2760
3529
7381
7534
6453
5851
3061
3898
1951
556
1664
2071
1005
2513
3017
4830
5809
6471
6107
236
5896
895
800
4456
505
7106
3097
7707
7626
1719
5935
3214
2085
2560
5416
7153
4516
1006
4671
2420
8
7628
5312
5782
3982
6953
6879
3415
2190
5239
3082
7296
4512
6998
6336
7759
5870
2989
4012
5413
3323
5615
3296
1538
2221
1011
8036
4898
2105
6197
7188
4978
6729
4167
4458
5042
7686
276
7473
559
1171
5801
7650
1583
3450
6680
8132
6927
4954
2178
1694
896
266
4335
3953
150
6557
1255
4761
6527
713
5320
4476
5171
687
3003
3627
3389
6749
667
7461
7806
4159
6544
2824
1601
1886
1665
3048
2372
5361
1614
2152
880
824
2625
5164
3640
6565
7590
4517
1934
1962
6743
7563
1203
5090
3053
7610
4204
3128
7485
5029
917
3112
6463
2141
17
7454
5602
3480
2693
1938
2544
2799
6247
6427
5661
7117
3562
794
3805
7912
1761
4900
6354
4029
321
5576
6746
4928
99
1219
3668
8042
7033
4661
3570
3235
4083
3202
6688
3780
7778
2276
2967
3432
4763
6009
2044
1211
6821
6428
1470
5080
6864
3516
440
4704
4199
3004
7141
7829
4505
1508
7364
4225
4386
5730
7261
4048
3648
550
7090
3796
4003
2980
2556
7125
7088
6219
6886
5954
6329
480
1613
5799
2862
4362
6623
4959
6774
1721
3662
7677
6813
978
7916
8100
2360
997
2226
1162
5589
8108
4943
5299
4933
3114
3666
4138
4503
2352
4211
3461
7439
1300
296
4827
4890
7887
7846
4149
2137
2397
1169
5510
5374
7680
2431
1544
2848
7740
5011
7104
1467
4374
4261
4918
2421
3744
7330
6143
442
3196
8116
3253
3058
4094
6439
8185
5479
3962
45
6376
4490
4395
6936
1822
1891
4439
220
1959
8090
5961
3560
5205
6782
5022
2956
8174
1534
2585
5352
8083
2962
1078
3276
4488
4381
6045
1222
4663
4256
5933
5580
1230
2305
5564
7391
7455
7253
1241
2882
5528
7341
6063
7493
7757
6750
158
2765
817
5013
7448
3419
5045
3327
2598
7285
7711
199
6269
3011
5300
2922
1708
4868
1303
2208
7946
737
5370
3399
6486
1540
8014
5699
5132
3145
1266
4700
6701
620
3199
6100
8027
4687
6387
6555
244
1687
284
5642
3919
3896
3131
6270
7457
693
6443
438
1466
6023
8149
1593
3219
3554
4272
6233
5743
5617
4755
8172
1723
3444
8053
3531
3754
5760
1681
6051
7746
1523
1274
3312
4438
2555
1158
1377
1802
531
4801
8144
6733
5462
8184
6549
133
2304
6854
6257
640
683
1058
6164
7389
1685
3536
3032
7007
8162
4853
748
5936
7089
3189
2870
2775
5568
1477
3870
8163
7997
4799
6303
3036
4319
5796
723
5753
7173
4343
2063
7527
5765
6380
5918
4279
2286
4215
5547
489
712
635
7324
6171
7588
7602
3149
845
3751
6124
781
40
5354
572
4020
6951
372
4889
1734
4797
2521
4185
7668
848
4927
2963
3117
827
985
5059
1832
2739
6176
679
3025
6421
435
7463
6048
5931
6455
6942
2553
5420
5970
2950
1422
6183
7920
5616
1562
6021
7105
966
1767
3621
53
7390
4848
6890
5264
6961
1012
3647
3872
5364
2322
6416
4063
7964
7822
3523
2032
3955
862
465
7235
5497
1202
1065
6203
8017
3252
7986
8146
1084
3773
1590
735
7951
7624
599
660
8013
2588
7831
5768
490
7516
1556
185
3110
4910
4500
5281
1022
3990
1671
632
4540
2528
7945
5502
3867
7259
8002
1173
1394
4102
3272
285
2010
319
3821
2651
2927
7950
4302
5916
3830
8192
1456
2072
3599
6619
2119
3441
5987
5325
3853
7943
361
5079
2240
3500
7046
1735
6523
6638
2863
6332
5027
8061
3818
8074
1019
5308
5776
7833
5179
3958
1200
642
558
1573
7132
187
2099
5840
5034
6569
3548
6990
6506
287
492
3714
3446
5158
2064
5890
1709
5952
4828
2110
6776
7037
1064
1868
689
2796
6165
2888
7044
7012
3816
494
561
5235
4844
3965
1705
6553
4851
1395
656
8070
7201
7955
2265
3345
1870
1953
6262
6222
3826
3846
3909
8147
5238
7763
6827
2734
1586
2696
7398
1443
4842
2615
1577
3385
278
6465
7394
7725
6820
8077
2394
4407
392
7910
6833
4046
4685
1013
797
1001
3701
578
2558
810
3180
1061
790
2272
4701
4723
7612
6788
655
2268
7332
4465
7880
5676
3800
6306
5136
2204
2811
2177
7459
353
1663
2865
4878
6181
7442
4043
6092
3617
5714
6826
46
6880
4017
1509
1457
4501
2185
1541
2951
6405
4475
2339
3747
4441
5380
2716
6174
5941
2235
5125
7395
5500
6367
1713
5221
3371
4090
2786
5276
3783
1537
4880
1198
8154
953
3442
6852
6202
5749
2635
7496
6710
619
7272
7447
6126
884
5162
2040
4850
2398
3407
3646
5671
6816
1594
1770
5862
2649
5507
7865
2170
3587
4314
7487
6007
2023
3465
7975
2833
6814
2036
8050
4180
6473
416
3014
782
5466
2172
5291
1981
5575
1225
5409
8181
3635
1180
3264
7159
2263
5382
7775
8056
5122
576
4552
3995
6434
1434
6563
1177
7077
3256
3079
3273
6084
618
2875
7577
2142
5157
5395
6705
1914
5429
5311
460
2914
5493
162
4486
2602
8004
6432
7262
1965
841
8161
6902
6648
6211
4397
2218
976
4462
7150
1299
853
5263
3182
4546
3596
2476
6082
7257
4603
8039
3812
1654
3409
3501
7023
1634
1426
3102
2491
6925
6409
1193
6191
7423
3859
23
4957
4311
7227
5069
370
4308
2366
1561
4394
6331
7692
6267
7034
606
6560
7682
4136
479
6621
4743
6605
6343
3359
2840
5451
1040
1793
5553
5043
5972
1660
5379
3451
4786
772
5118
3732
2725
3630
4962
1595
1184
2702
2343
1411
1859
8138
1107
3817
929
2045
345
6895
4818
1248
7867
3693
7221
3130
5086
468
3047
6744
6697
2906
7071
4079
2708
2659
7537
6403
1233
7981
602
2613
7494
4093
334
4526
5492
871
1220
4771
3868
6818
2278
7107
1094
4688
7868
3784
3
4522
6589
835
3042
4609
3689
5648
6967
1176
7406
7267
3572
3654
6363
415
7379
1580
932
7875
4106
4843
6055
2008
3173
3242
6237
3942
6103
4026
4183
37
4027
6828
546
7979
4711
2026
7185
2642
5372
1512
6802
1271
4076
3204
7842
7603
310
295
3353
5700
1872
1855
1668
1301
2504
2264
2055
5609
754
6077
5319
4033
6981
7237
2524
2442
1479
5673
1237
50
6612
1017
2518
2678
4466
4140
2183
209
408
4708
7959
1049
4570
7524
239
2639
2892
1736
647
4349
8003
2520
3743
5126
4538
5487
2937
121
1877
4124
5351
2834
911
5243
8126
3007
963
7819
4114
301
671
6940
7662
758
4409
456
2531
7507
3326
5110
4794
6102
254
6559
1371
1860
1715
7823
4834
1111
680
5408
1753
3096
5805
5561
4161
418
2648
4618
1262
7538
4947
2687
926
5460
1729
188
4699
182
584
5094
7873
6577
2747
3302
6284
6472
6430
4795
4242
7119
6888
4913
6420
6170
5767
4867
3227
2561
5309
2644
7913
1591
3492
4922
7142
3175
1834
5614
3136
7266
6020
6273
1417
2369
6438
2379
5849
1616
6286
4553
2677
5307
3372
2511
2900
5422
3989
4689
1350
1328
7853
7437
5560
2282
7249
4783
7517
6245
4312
1320
3644
1895
7796
3132
4566
4050
4809
2801
2857
5095
4478
4341
2388
1566
6812
4692
5912
3804
4965
7144
6510
6346
1799
1944
2351
6097
732
5951
1338
7837
5702
4080
7654
194
547
7060
5758
7690
6114
5669
3842
2565
4021
7974
1392
7299
2790
4511
5692
3519
2814
3544
3839
5499
1077
111
6488
2037
7026
5156
3941
4814
7282
5401
6857
700
140
424
1732
529
1775
6626
5252
4519
6917
6603
2931
7697
4307
5178
3729
625
1894
1068
2700
3917
4568
6855
2781
7197
7392
1506
5026
2568
4118
1430
3248
1021
2574
5358
4733
6719
36
2866
5895
1195
7883
4713
5620
5295
1150
3147
6615
5282
560
1906
7587
189
3474
5535
6324
5879
762
5573
1697
3106
2995
3775
450
1516
1316
5088
4591
2828
2577
4652
6158
1462
870
279
2079
2144
6831
3606
1023
3697
3767
5771
5622
2526
7149
6933
1943
5519
8032
8031
6740
539
776
7904
6470
5978
1345
3852
1243
1042
2290
8133
937
2060
5356
1386
7772
6666
2973
1818
2418
4375
7851
2412
4442
5856
7295
2100
2321
2210
5603
7939
4489
7836
2006
4645
1604
3335
4255
1390
243
7468
5923
2669
7762
662
107
6632
4869
818
3877
3699
6534
5101
8019
6975
2690
2971
4496
6281
3873
1410
5046
1450
7973
6881
956
3718
7192
1055
3770
4665
1669
4705
6847
1902
7526
5513
4218
7548
1259
6960
6962
175
7091
2904
496
1286
970
2206
5212
1969
4737
3793
7983
1362
316
3436
7059
31
437
5942
3583
4530
3722
2600
4702
3238
6291
1703
6538
6146
6475
3159
569
7338
7236
5482
5869
7205
6723
3931
87
6661
5792
3317
7543
4206
3631
2885
7456
5173
838
4623
7598
1762
6173
2571
4506
6561
272
2041
3491
147
6125
8066
5003
2522
2488
3837
6419
931
665
1365
2113
5274
4337
5360
3717
2361
5731
7027
4862
6839
2202
1589
5215
7130
5219
1975
7531
1283
6995
6264
989
3882
5084
5738
1743
2703
4045
7040
1785
2749
7544
2915
4926
2150
551
3051
5985
7360
3124
7514
1100
5911
3622
7640
4025
7385
4410
7550
4513
106
6240
6992
8092
4158
6531
1917
694
2318
4052
1792
1454
4443
3210
2968
2551
3467
7847
6876
134
4169
5703
1883
7254
1044
2350
2566
5696
5455
7799
6732
5376
3656
1640
3249
8125
5806
5593
5885
6980
3918
129
2954
809
2887
2301
7219
1718
6123
39
7405
2195
3039
6386
7914
101
7114
119
2475
6672
7541
8094
151
6441
8121
2181
3539
846
2923
7921
3878
7103
6977
757
7717
6280
5210
362
3921
5359
3607
3892
5000
6402
7844
7863
2712
6885
4040
5145
3992
6016
5764
5734
4614
3466
3533
5810
1574
1720
6573
6671
3592
5595
7383
5824
7684
2636
6843
3233
3468
7708
7596
5004
3959
5800
5017
3424
349
5967
1816
747
388
6664
2316
1806
3081
533
6426
379
3504
6675
4178
1741
4823
6039
6328
2038
5224
4373
8101
4365
1041
5812
7177
7482
1649
2246
142
2017
566
1817
2868
3425
2984
8180
3487
4859
2244
3934
6521
6786
5183
7776
2179
5793
7978
6673
7594
6185
7313
2176
5469
7374
6372
6562
2053
488
6069
2774
1039
3163
4949
48
4529
5624
2192
7669
3951
5112
6366
11
2478
2047
1611
3453
3092
4393
3074
4353
3547
7309
2018
1349
2879
804
6305
3997
3683
6256
1897
1465
5780
6836
5999
5955
5439
3905
1701
6215
7222
4731
8167
4698
3803
4249
7180
3166
7536
1626
1815
5959
4366
7024
7294
2854
6449
1071
4306
7918
4011
6590
4796
7275
3824
6339
4086
1327
1052
5974
7365
5579
7028
3950
2358
5822
725
7020
176
6093
3632
6408
2255
7754
1804
542
787
5515
6318
5223
5631
7316
7440
4275
897
3923
3405
7876
4274
8022
1869
5249
8145
1530
1340
3125
5047
149
2184
1085
3133
47
7056
7126
5016
3749
5488
4170
5008
7794
5582
5450
5191
2472
940
3897
253
5261
1472
3343
1208
2607
1726
4559
3802
2719
1744
7689
4195
4800
4967
2570
7573
3735
6583
2640
1903
5438
4301
597
3568
72
3593
623
3344
4956
6631
2443
2130
4191
1560
270
5830
4448
7782
3153
2432
4541
1380
900
3144
5720
7702
5021
2697
1935
5566
8118
1406
5928
7940
1570
5788
1526
5854
1130
7858
829
4332
3671
3659
7260
7006
6877
2341
6404
7161
1807
6883
1631
4154
4634
89
5485
314
5227
8173
6207
562
1129
5791
5861
7501
3150
5346
1228
1849
1652
5685
2830
7400
7217
5554
764
6159
7753
6113
4060
991
6629
112
5279
7076
2810
4435
4821
4264
6822
1121
842
5216
901
7601
6934
2668
681
7315
3625
5292
7678
3458
3167
5076
436
5114
4044
1256
459
7540
2440
1747
3637
4066
2138
5208
6586
6259
3237
404
3138
3698
7737
2035
109
3292
860
6627
452
5294
5651
6162
543
1124
1265
1485
4987
2485
1461
2514
1060
5335
1909
6216
1160
4175
859
412
6529
6371
865
1642
1206
3247
5672
3724
5005
3212
6647
4676
6914
3806
830
814
7276
6762
6547
2986
663
2151
86
3186
8098
2447
7936
1062
6243
352
5268
7884
2851
7143
2821
2512
2663
3192
6086
1627
2709
3208
7694
1460
2125
6810
3338
4320
627
7045
1924
6177
203
2405
2228
2483
4678
1114
6276
5139
5626
93
4338
2234
4051
2378
7897
582
3591
5322
7139
1572
4049
2618
2493
297
4846
2748
4498
4912
919
4059
7202
7968
1889
7688
7137
1179
1511
5950
1742
891
7841
7478
2002
1569
6717
7256
6352
4624
6246
3728
2108
7834
7082
1440
5491
3731
4277
5378
445
29
7416
6618
6108
1441
4216
7592
6796
1690
973
4602
3063
4728
6477
610
4431
1428
3975
7419
852
3139
5396
1830
2650
7877
5762
7924
7349
8141
14
312
8160
124
4361
8159
4363
3972
7721
1688
6234
7724
7504
1399
5247
1497
131
538
786
1433
2594
5701
6391
6002
1588
7101
6871
6853
2926
7245
7595
7529
4427
7258
2077
1487
3498
7052
965
7382
5457
6910
6172
5387
97
3191
427
7832
2139
643
4980
5888
5290
545
1366
2480
6515
3705
4620
4648
2961
2955
6799
7653
5544
7808
7362
5670
4510
1272
7807
3545
4829
1289
2198
2146
2203
4649
4979
7357
5751
3164
4497
4092
6724
3924
81
5657
5280
7977
4714
2829
8001
328
4938
7990
6224
4412
7512
2541
1682
1296
6323
3165
2365
4881
1809
6685
411
1014
1010
6558
2920
118
6137
3391
156
7198
132
7999
5081
8099
2692
1116
4007
910
6440
6663
6307
6484
3493
791
7559
191
7530
2457
7882
1353
458
5678
3692
7228
1407
7278
591
5484
5007
2284
3268
5234
1205
6597
84
2837
4581
4785
5666
4991
4304
4329
2314
5480
1960
4294
580
5019
7342
2326
3900
3532
6596
1893
4290
2434
2347
4545
1314
2722
2953
2034
1136
1896
6824
6152
4220
7008
1846
607
4420
6223
3575
1505
639
5417
5680
2575
369
8179
5305
904
208
7032
6777
7828
5932
5632
5159
5475
753
1029
3727
474
4929
7961
3201
6607
3185
6321
4182
4779
4087
6278
2827
4734
6874
4521
343
4551
9
1632
1931
2408
4919
2156
874
3869
498
6735
4942
1273
6945
2959
3887
7065
6248
3565
7906
20
5686
2699
7168
922
1239
2009
3236
3141
5512
2473
3422
5992
5151
4127
4596
42
1748
4857
7987
2363
2934
2539
5689
7769
522
1125
7747
1598
6540
152
702
6770
866
4565
3741
4451
4984
5645
939
2758
6301
6028
2090
6344
1916
3660
2148
24
5996
7634
501
4121
2534
4141
1334
6955
3245
1305
3836
4428
7700
402
431
5545
1361
3834
2013
4891
2564
4130
5229
6437
5065
2014
1151
5
768
6682
61
335
6156
6227
386
7490
4273
114
4030
4738
2413
1950
171
3288
1163
5509
6507
5472
4961
4165
6830
2910
4992
497
2584
3022
2114
1827
1315
4578
5424
2333
3542
5823
4155
3300
3588
1471
2750
6752
4883
2104
4640
1008
5761
230
1120
5901
6052
8012
3155
7465
6548
4032
1926
3172
834
6493
7761
2103
1496
3269
571
2911
6008
3085
2461
4968
7992
2793
666
1833
2187
5611
5189
5314
4125
7655
4006
701
2617
277
2550
3620
7062
389
4759
3517
2452
2895
887
2816
3974
5826
5653
631
3937
3598
2938
7413
2283
1942
4832
7630
1087
8025
3601
7552
3152
6447
4324
1368
1991
25
570
19
6840
2572
2985
7039
1054
2349
6168
692
1437
6118
4247
6362
2586
5063
1355
3495
63
4000
4321
6783
2784
4145
4575
7539
1245
7099
3985
73
7184
1135
7431
6964
5100
2919
3849
8171
3861
7892
5925
2609
7788
7284
7156
7923
5012
8168
6501
3708
4740
3026
3928
2096
2269
1028
2169
877
4193
532
6042
4550
1252
8073
3261
6232
242
2714
4299
7163
34
4835
3234
4499
1557
7947
7727
4089
4580
7372
2059
7189
4222
585
6541
2376
7760
6115
696
3289
6011
3597
3031
5728
964
1724
2802
2444
7183
8071
3091
326
374
7777
8080
5883
2436
3340
6393
1396
337
2395
4065
4444
5577
30
686
1628
765
6083
477
78
394
4696
200
4200
6643
7097
5649
6508
4103
7469
6277
5612
657
1568
5106
4781
8137
7110
7584
7750
4177
2448
8082
7901
6418
4492
5543
7232
1657
7811
6860
7908
3161
2300
4647
5465
5218
1354
3066
4172
4997
6383
2820
2901
7297
2825
868
4601
261
2847
1908
7600
4590
1267
4426
7827
1268
1004
1292
1503
4877
1986
3297
1178
6079
6878
3954
293
2552
2128
7728
4336
4095
1358
7852
7995
6365
5038
825
2019
395
1650
4209
7619
3782
4617
6530
3358
5199
8177
1874
6862
622
3994
4057
4135
734
3033
537
6659
923
195
2428
7900
5432
1746
5116
414
535
3403
1321
7571
4527
5677
5811
7131
3973
3049
3614
6738
6873
229
1698
2502
3797
7899
3594
7303
3135
2935
5160
7657
3421
5049
3810
7418
4013
6491
2595
6014
6446
2886
4746
5089
4408
903
6104
1839
1278
2217
2681
6212
3396
3065
4769
3073
5520
7730
6209
4643
2688
2818
2661
6794
8190
85
1332
7176
6999
5763
7826
3807
2975
3889
6679
5655
2634
256
357
6574
6013
4768
4815
4560
2189
6923
5251
5984
3756
4964
3380
5778
600
6842
7801
6153
6272
3374
2746
4284
7329
7966
6785
6678
2978
7092
2066
264
4972
4935
3672
2180
3179
457
4970
351
5120
4192
7407
5015
6924
2410
5105
5945
5681
6198
890
2991
3550
6196
5144
2735
4630
1907
3369
5784
4905
4523
2917
18
4354
1853
1885
7528
453
6359
5150
5055
5905
2484
1787
283
2030
4271
8045
4564
426
2470
7547
232
7605
5757
5064
6094
8021
5315
447
7186
4482
5798
4951
4023
4309
5976
1326
8096
4352
5195
3123
2129
5571
1439
7287
4727
4358
684
2998
603
3556
4276
4976
2597
1841
4791
4816
8188
7387
1838
6205
4471
5902
7994
3119
5471
1961
1610
6498
7417
4885
26
5246
258
4813
7965
3910
6970
7838
7616
4098
7274
4940
260
1765
1782
706
2334
5425
6431
6604
6317
74
4632
1097
3619
1138
5807
4808
4126
5682
4504
6138
6690
3643
2277
3961
7533
2509
6670
6017
1446
5196
5107
4326
6112
6184
5297
3558
5070
3680
2438
1578
7118
1633
472
2455
7326
5983
8105
7715
6703
5194
6500
6699
1405
2896
2134
7751
2730
1989
2628
2456
8186
4904
3559
8136
1118
1250
746
1531
1798
4612
3759
2308
2337
7087
428
682
3553
6119
5847
7323
5517
7388
6550
1689
1401
3330
6834
3574
65
6411
4576
6494
6734
1059
7615
1529
1667
198
6767
893
802
2296
1127
2501
2682
832
1922
3229
3447
3879
7704
4782
7483
5467
7292
4282
2330
4380
1677
5986
224
54
5217
2323
5255
64
3068
2423
4132
526
7280
2155
5605
5232
6149
2371
6010
1510
1977
1309
3663
7659
1673
1773
3831
2022
401
6326
8018
4693
2312
7430
3746
5957
2805
7848
5814
1880
7120
759
4257
4628
1155
3813
1216
3043
6691
5092
2031
288
2453
738
2767
3658
5149
2701
2891
1209
1905
520
3866
3319
2254
2191
4286
1076
7804
4212
5449
5946
6760
1620
5133
7203
6517
2740
2606
4825
3739
3373
1927
4288
6787
294
4022
5536
2201
3246
3464
4684
4879
1144
41
8191
6766
1948
2498
1850
7043
2220
951
2844
1342
6370
5155
7558
2679
3430
6315
2161
5121
2532
202
6893
6616
235
4790
308
5929
3988
4937
1351
7445
2795
6252
4369
422
5664
7742
7771
2755
1128
6693
4533
7879
7196
3835
7956
8006
4241
1096
6167
4563
1347
5328
4742
4554
6279
7554
2374
1374
4792
2384
3653
1738
7216
323
1018
7866
6545
16
4837
2731
1080
7872
5233
994
6350
466
12
6593
4164
2375
6543
3086
850
6033
3030
5968
2393
1276
628
5326
2530
4975
3376
3328
6296
4452
249
5635
7204
4146
2665
7967
4269
4251
6579
4184
4502
1777
7886
1800
5774
7029
5527
4631
2241
6186
5143
4998
3952
7663
2354
1070
3777
6524
3243
8088
163
3094
5245
1356
5550
3948
3945
2345
1717
2605
2406
1957
290
2592
7191
3090
1172
5640
1337
5529
7902
5587
6381
5570
5327
4416
8187
4888
7635
5920
905
5969
4243
6136
8102
4847
2165
3811
1866
8135
1474
4367
166
4598
798
5198
3206
1710
839
410
4205
2140
1335
4999
2270
2320
3171
548
6849
4679
7953
7643
1996
225
5060
616
6912
4555
4691
4772
8020
4224
6775
6622
4081
3485
1630
819
3266
366
789
2757
7340
3362
6179
4567
5357
1983
7393
4028
2610
5694
4042
1527
7306
5117
5937
1408
3795
1704
1398
2400
4297
5262
3410
6105
2415
7850
4659
1901
3463
661
2118
6485
2675
7432
4262
5103
6926
269
4921
4270
448
439
6265
6452
35
255
3454
7958
8007
3370
51
6620
1495
2596
4720
6692
1047
815
3638
5190
6309
2785
5904
6979
6935
6059
1791
7929
7970
1661
7572
2691
596
3284
4895
7244
6335
1712
2211
6340
2186
3439
2416
4469
6037
7486
3443
8047
4657
1552
1223
1737
1373
3745
6032
621
4710
4339
5674
4650
1507
6483
4778
7346
4638
3734
3586
1167
3332
749
250
476
4945
486
5503
58
5486
2516
626
4440
6382
977
826
6983
3226
8076
4263
5289
7623
3983
6214
2106
3496
3156
5343
3181
6803
5627
2936
699
921
2643
5211
1733
2529
8016
8084
3880
6492
4433
688
3400
413
1043
5456
7358
1035
5733
495
4429
5097
8015
340
6677
2764
1852
4556
4915
122
6188
2589
6656
2842
7580
3324
5153
524
6761
6542
968
7949
3657
1837
4110
4994
4514
8028
5375
7356
5592
2970
4833
177
1488
7933
3320
1105
4627
1499
315
4303
7859
5433
5411
6851
3412
3142
333
5087
2517
1819
464
6034
4246
3046
3774
282
4741
4238
2250
2583
2626
475
2715
773
1185
4129
4675
6468
3925
514
4717
2367
2611
90
6260
2641
7614
1836
68
2481
4621
1952
3241
7240
3187
5719
6869
7036
4148
5634
7518
3111
5317
739
6478
2311
6316
3101
1229
6369
752
2247
2271
3386
6076
2012
4925
7152
1081
8079
1370
3528
4176
3336
7288
1318
5781
2856
3438
4189
5468
5893
5623
6433
2089
7121
1148
946
1788
7317
6068
7347
2744
368
2515
575
1803
2219
223
7843
8078
5725
1375
231
4995
13
1990
876
7869
4232
6499
7425
2075
1093
248
3279
5385
913
6410
4097
7523
6584
7452
8081
523
3151
32
4715
4864
