3625
8004
4971
5890
7919
3259
2688
1655
7980
1362
1445
2843
7442
4478
4304
7806
4972
5474
5311
676
2630
5422
1039
2546
4903
2057
2456
2596
7019
7142
6740
2189
3856
4708
757
7647
5003
7619
5115
6338
5557
8113
3957
266
6240
6648
1180
7108
1123
6725
2337
1994
186
2942
4809
6932
7323
3195
6127
1048
132
6080
2329
1428
690
2813
6998
7358
542
7953
4736
7124
3761
6114
1765
2520
463
2855
7174
4593
1574
214
6784
859
7700
4398
5991
2305
3079
651
3269
7263
1709
7046
7241
2747
4976
6274
7378
4349
1068
4746
2323
1949
2661
4664
4223
5327
6907
1087
2225
6806
876
3478
1228
5427
3776
6186
2012
1226
8014
4730
2095
1200
1538
3819
2740
4282
7115
7188
6413
1000
549
1194
6888
5568
6311
690
5787
6350
3232
2515
3778
2929
6647
5008
5894
7637
147
1791
4826
46
3351
5132
2981
2342
5820
1852
2657
5831
7490
4775
690
7898
4586
3965
1362
3251
5453
526
3537
4502
6941
6709
6164
5422
1413
2385
7541
484
1637
924
3414
3333
1860
6239
6914
5857
7372
3466
6482
3996
850
2241
5693
4607
881
306
1228
1903
5290
105
5767
948
3362
6509
5769
4808
7896
3951
3332
2095
4537
2492
4894
321
5510
6501
676
4414
3478
1151
7529
1841
657
2011
3042
7609
2948
5712
5416
2509
4157
1423
2981
5899
5243
1244
1412
6531
7915
6340
8116
621
4759
7400
2714
3996
6167
7933
4783
1459
8135
7618
2925
4353
1010
3424
662
3749
7332
6030
7386
4472
878
3809
3681
6148
2297
7799
6776
6543
5693
1082
4664
4232
3451
1568
7076
1244
653
2477
8042
3659
5460
3852
1325
3841
3100
6997
5177
7226
7693
2882
4964
5000
2174
6879
7986
3922
1403
8100
5281
8008
2111
6205
4780
3733
5992
3354
2442
6584
7889
4857
5822
4799
3988
5842
7876
298
3821
4755
730
6670
4308
2686
4835
5816
1414
4690
5087
100
5914
953
7122
1299
6885
4044
4205
7525
2074
7471
35
2403
2102
4960
6876
6197
7540
143
6909
3502
7961
1708
3874
3004
4912
2497
1209
6717
6559
7956
6832
7788
3699
6679
7793
1503
2641
2349
7444
5563
4695
1496
1041
7348
3758
7666
4600
3991
5082
6330
3802
4544
2532
7020
2013
2914
4566
1356
6495
6462
6699
122
6845
2061
785
4071
7812
65
4258
1594
3721
5661
4709
1756
5660
6631
4643
395
6955
4753
26
72
7221
2824
3845
7160
671
4809
6014
280
6986
6891
4152
3420
353
6563
6390
378
7658
6712
4579
3670
4672
6982
664
6158
6571
2316
1515
8107
6260
7981
1168
4067
4999
2483
1183
7060
3474
5927
2694
3182
3325
7987
1545
5058
3271
1586
6218
837
6574
5512
7193
506
399
4925
1543
7350
3686
7433
3164
2290
7640
523
3933
6835
3273
6942
5989
4095
2647
1920
2226
6421
560
6173
5304
1575
925
1774
1821
4734
1146
1214
2932
4076
1831
6918
6492
4756
3308
4419
6792
3891
5535
7999
6977
201
1916
7465
5843
5495
532
7595
4369
5680
1059
8127
513
1641
2528
4457
5466
7511
4140
4296
661
7180
1451
5878
6601
3208
5812
3046
5134
7478
2490
2507
2705
307
457
2597
7568
3162
664
4598
3067
7854
4354
6867
7717
7757
723
1117
2763
4832
5772
7998
1800
1989
3947
5539
4633
2261
2311
5322
3860
1034
576
6586
3159
7073
5833
3427
1516
102
5288
360
312
2911
1658
6130
4595
5547
4104
6934
1862
2688
4382
2358
4551
3106
7992
3452
7648
4871
797
4349
4186
3586
2318
4316
7048
4536
5097
4196
6778
2460
7010
5796
3136
6317
1885
7017
3308
5687
7575
6015
1271
4886
4118
4813
1007
5499
610
1276
4818
377
3928
4841
3955
1868
646
7715
2145
6143
5482
4263
4821
5826
3275
1391
7838
4077
3189
1967
906
3305
2920
4813
3273
6579
109
4931
3983
4297
971
5496
49
7802
8100
3866
4889
3116
2933
3995
7137
1641
6668
3609
3192
4480
4977
2254
111
1110
4205
4735
3493
6407
936
1225
3316
6134
4377
7605
1168
6806
2080
6297
5216
3343
3309
1446
5542
3287
3083
773
1375
6276
7627
549
4031
3110
2360
5072
7947
5016
1756
5775
5373
6352
3670
4542
418
6673
1880
6790
4552
8078
2869
4201
6295
6494
2497
4151
423
5861
4099
1301
586
3400
3017
3937
4360
2313
6977
1258
6591
6672
3700
4581
986
960
4598
3841
8123
3165
4655
343
2602
7858
3705
6667
4790
1199
6153
1198
5781
5236
5086
3918
4098
5761
5969
6624
7659
2954
1776
3072
7350
2713
3661
207
987
642
4448
3613
4563
155
3319
935
7694
7465
2194
6924
7476
7443
4584
7277
1449
4314
5957
5240
6095
2013
3063
6177
1694
689
23
4869
6649
6667
3666
1403
7379
5230
5806
7842
5936
6869
276
6165
6309
7085
1553
6488
1329
4264
5554
4158
5845
4864
1162
3009
1278
5534
1250
3226
4975
7537
4159
6466
4239
3653
6859
3120
980
4798
6994
5769
5363
5588
5831
5694
4483
7587
2893
3531
7853
3199
1297
6359
1494
7519
7495
2677
5403
4831
6958
6126
5734
6283
7948
4403
4547
235
781
7202
2648
334
7487
4423
2409
3907
1318
4925
594
4552
1883
356
7894
5922
1846
1030
1903
915
7200
7258
4682
8072
7023
5045
2304
5644
5066
4369
5251
1462
835
1257
7552
7434
4415
5491
4461
2921
4398
3782
4251
3201
2087
1308
3196
5817
7744
3703
1724
1432
7073
2731
1988
5592
4695
1523
1551
3696
17
1519
1765
1133
2396
6300
1408
6133
609
4372
4090
137
3063
236
7097
978
8106
5205
5795
4813
8113
4633
2731
165
4670
437
109
1940
121
7457
4024
2916
914
6531
3527
5751
1300
645
5411
4821
3721
7305
1999
6620
9
6268
7907
7400
2628
4591
307
433
14
6439
5006
1441
4984
1295
8082
6866
1327
1246
4498
7205
6394
6791
659
6162
4903
2682
6515
1146
4128
5145
5948
562
7630
6653
5981
6993
1587
4092
6096
4483
410
1487
215
1342
1558
631
961
5736
4251
833
3811
4995
7167
6072
7967
7464
5015
5330
6525
7847
1256
6170
1548
1578
5932
3917
7879
456
3117
4628
5829
7383
5681
7800
3815
434
8076
4944
966
3577
3279
3778
3325
8065
6276
7554
1971
6596
6937
3840
5687
156
485
959
5521
7703
6706
6119
2439
5289
6423
6723
6684
6901
1095
3756
7437
5651
5239
7352
5570
7587
3599
3282
2496
2713
4838
1596
806
3624
4007
6343
6794
1857
1140
2690
715
3956
6897
2490
6493
3585
6365
4258
717
7108
7937
3230
2963
844
3646
7750
4198
1354
6711
2306
3638
5785
6494
3340
4389
1664
34
6673
2931
2796
4217
3119
2738
5641
7280
4783
5131
4930
618
5514
530
8013
374
4944
509
4793
5588
8038
5711
4999
5948
5336
3408
296
3729
4976
3732
7739
1834
5482
2127
6861
2988
3983
167
1188
2238
2755
3626
7312
5316
3683
6872
6369
7428
346
3417
7774
919
2900
7039
4149
4307
58
7878
485
7473
2393
6159
5885
2304
1811
2876
1523
1551
5046
1779
3448
2086
1738
6675
7604
1342
7450
2386
3549
2774
3156
1718
3781
1102
2996
5366
5791
1335
6784
1559
4649
1226
2037
6797
4918
7320
188
6562
510
8059
2027
6525
538
1929
7116
2798
176
3796
4662
172
15
4213
6364
4543
7791
848
4562
625
3913
2311
3107
5537
3688
4007
3855
544
1110
4038
4569
5337
8028
6737
6708
6796
6942
7625
774
7140
493
4773
2438
3803
5056
1934
1852
875
4855
2491
7803
572
6501
4688
6411
7657
308
478
5394
5854
7330
5764
3228
6894
6974
2887
3202
4531
5970
101
3720
2919
7691
6535
379
5776
337
6345
1202
216
7108
732
6263
7990
5082
6832
7040
6382
2011
4469
6575
6107
5293
5479
6026
1931
7961
5727
125
3295
672
5932
7796
6824
342
1729
7446
3917
647
6597
4441
1597
1636
5548
423
2275
5617
2200
1975
433
170
6059
2844
1104
5224
5922
7091
1278
7636
2289
2541
4989
5255
7947
1760
285
2263
3044
124
7060
2927
7738
2731
1541
6280
880
6845
1450
1959
4020
2051
1997
4816
2912
3579
732
4058
7484
8074
7514
7822
223
6086
7110
5693
3082
5711
1079
1282
3525
6188
1338
7904
3116
2737
4098
8089
7032
1436
3890
2456
6250
420
3897
8156
5281
6109
5864
1910
7122
7771
7109
1291
4322
982
4648
101
6746
3289
808
3593
2702
6865
4058
3749
847
3009
4291
1526
5126
5709
2261
7305
7812
4662
3107
3808
2378
3170
5157
7182
4235
3170
3544
1977
4608
6411
724
116
7821
5090
1755
6606
4352
5554
4453
5949
1921
236
6413
7625
6212
671
64
6298
5872
5568
2800
307
722
3327
51
1642
1187
6021
5415
860
4628
100
5474
5544
1257
1663
1529
884
6340
5067
218
1862
7780
4865
7536
4481
7020
99
2093
1042
3239
1378
5212
207
7475
2914
4705
636
2579
5288
6377
7255
3973
1142
2721
5545
4057
6770
3356
5264
3047
3963
2832
636
4126
4663
7674
2543
262
577
7481
6601
1200
7849
7604
6230
3826
3698
398
7735
994
2470
1981
7572
4628
7071
3198
2247
1415
6603
6944
8185
4463
7898
7600
4197
6960
3186
1555
6650
2632
826
1253
3900
6466
888
5433
1203
2630
6644
4142
7170
2447
999
6543
1295
4299
2250
17
3539
7308
7462
392
7738
2327
2734
6210
1680
2937
6188
5230
8187
6294
4288
5800
2609
7183
668
6811
4183
5988
2257
1643
6351
5533
2968
417
3581
5392
734
2499
5535
6088
5772
6423
7078
2086
8185
4961
7806
1102
1021
6948
3255
5409
882
7985
5645
3999
6393
5014
2080
6114
2549
2662
1487
3905
900
175
2200
2770
4807
5020
1564
337
7408
6774
2054
1893
3121
3598
1831
3509
6847
2022
8183
3499
5750
3517
2237
2012
7000
3255
6614
835
4050
1692
1482
7979
1416
1844
3974
3549
6182
1453
5398
5259
2128
2825
6120
4667
5137
4385
541
5318
3160
1111
2752
5733
3447
7056
1858
436
6364
5680
3150
3230
649
3686
7695
8056
2988
6103
2787
1094
1174
151
2705
1885
3698
3541
1944
1760
5388
6364
7253
3874
2848
7805
1839
239
6461
7573
6627
473
1545
3298
298
357
1190
4251
2831
5815
5594
6632
4332
5630
7580
2617
6855
642
4167
2200
4010
6075
355
5278
4743
4500
3561
2398
5617
6262
2795
4114
8181
2733
121
8048
4158
4433
6793
2133
2191
3612
7222
3084
5186
4483
5422
7289
1989
6400
2023
3310
6959
7640
1748
3251
4409
2505
1702
1458
4444
4859
1496
3206
4939
6464
6956
8069
3213
3942
1124
7120
7548
4806
7700
1795
4062
3501
2276
1581
6824
3771
1842
5543
3971
3199
4081
7752
97
2865
7603
696
1576
1963
13
6562
2883
6517
881
3887
746
7199
6886
6510
7013
4657
7567
140
143
6306
6078
3623
1147
7721
5902
2096
5571
5613
4113
7549
2729
7925
441
1842
457
6760
349
1378
3957
330
3708
6750
573
2226
7796
730
396
446
6084
7790
7212
995
7825
2141
5810
3366
1862
2595
5594
4398
2532
3479
4184
1817
7226
4723
1640
3168
4386
6475
2554
825
8082
3203
7522
892
2324
5704
5020
354
2466
2459
5718
7550
2835
3384
843
235
7949
6902
4918
4369
168
8018
5589
1206
6837
1439
5243
468
665
6338
2402
1982
5848
4684
5803
7560
4848
1495
5121
2416
4457
4473
743
1631
5511
760
5257
287
7704
455
6931
7239
1015
1364
7626
4437
7277
1272
6658
3317
4059
6533
571
7671
6340
6020
1279
6454
6515
3353
4568
5000
7355
3910
1529
5566
4355
2369
3152
6669
7775
8015
5237
5778
1602
3775
7921
7022
5333
347
5979
3559
4986
1611
64
4975
7721
4369
671
4614
6419
5293
6795
3744
4954
6561
400
6576
612
5833
6949
3574
1662
5097
433
2856
3548
6114
1390
5635
4751
6609
2496
6111
4286
7031
5925
767
7404
787
5508
3453
2482
5127
7936
3635
3703
6191
4319
1241
3537
6426
7882
1417
7348
2503
932
2082
4277
269
4063
2905
6939
1354
2909
2914
6778
3578
777
2767
6477
4897
353
1329
3487
336
7281
1164
3247
1886
314
6458
2795
1670
6267
3957
2689
4926
3713
6936
2725
7043
6138
732
2843
5233
6411
5545
2190
3141
2173
6528
4057
5799
4933
6636
828
8040
6371
6193
4771
7250
6294
36
3992
4648
2762
7964
227
3376
69
7901
7785
7307
5845
2577
2874
7073
3495
1311
3072
2410
1077
620
2044
3429
5855
8185
2369
6667
825
1139
2090
6374
6584
8002
363
4629
3872
6762
3388
5539
2245
2638
4397
1700
5325
4285
2482
5373
784
769
4534
594
6740
2317
7977
6157
1368
5260
1438
14
1767
5398
557
8146
5628
6868
7603
1954
4823
1735
3785
1639
4961
4181
4293
6357
5382
2073
2167
2727
2234
543
976
3355
5467
4992
7346
6916
7642
3143
7935
3016
845
3360
2332
6389
7359
5363
2085
6610
3063
1326
7368
1000
598
248
5247
5155
3222
5426
4092
6420
8173
4796
6570
654
1203
5161
7729
7481
6065
2789
6382
2446
5800
2244
3077
5561
6249
6667
4132
4574
5527
3421
3381
4124
2988
7063
2195
1821
5447
1636
5785
6531
3483
2959
1645
4540
2780
6775
3226
4908
7689
5120
667
3162
3241
2672
4174
1434
2323
2661
7347
2524
982
6189
3110
4499
1998
578
5180
3989
3070
7160
3222
1174
4568
6112
5717
3513
2877
6857
2535
1541
1363
1276
2103
136
168
757
3592
2761
3285
4317
3835
7570
8058
2310
5073
7839
435
7731
2663
623
2749
5086
7374
7426
5369
6863
2692
1394
1931
7539
1901
1753
2628
2062
5886
3263
892
1240
2283
7927
1452
5802
2934
3416
6445
1648
5411
7339
6325
1380
5384
2451
3660
2186
4600
4716
6725
6061
897
5549
7389
1250
5319
7682
2677
4195
986
4335
5359
4798
5609
6203
3332
1111
6591
804
1116
4555
264
931
1023
4423
2829
2048
6014
4850
4240
3164
2133
3968
2643
1311
4179
6876
5989
1696
1705
3946
1185
4977
213
6388
7528
7698
1248
8143
2808
2490
2481
3617
578
5506
1953
5794
239
5117
6162
8103
5467
3410
5900
931
2106
6823
7018
5355
6845
1592
7849
4923
3070
3152
4029
542
2583
7822
5798
6029
5849
1517
308
1563
6126
6661
2879
3715
1001
5998
6974
1813
2194
7680
4910
3461
7440
7595
2018
8159
2332
4210
5833
7714
6128
7845
6986
5892
5223
5014
3975
2796
8023
528
1027
278
162
3703
612
90
4043
1604
6609
6362
5540
4253
1945
7050
1084
4239
2898
621
7439
1780
5893
1859
753
4125
5671
6527
6820
2126
2695
8089
2805
7040
1461
5973
1578
6555
5745
7474
3944
6927
2551
2634
6052
3164
7202
780
6228
5454
4687
1788
7033
1382
5065
5220
1975
3737
6046
2689
5543
3742
6185
5156
1451
585
1364
5465
6634
5059
561
7177
6063
2482
6817
6147
2634
4354
6667
6012
1365
3132
2878
7298
1598
2444
4171
7384
1942
5106
6857
2884
6705
5336
5045
8108
6258
6902
1532
7760
4571
4853
3848
1862
3422
6197
2699
2735
3998
672
1565
5789
6528
7381
193
7820
6039
1924
2705
1409
904
6105
363
2457
5859
2941
5666
3763
1904
4729
7957
7599
5677
2880
966
2899
1361
3508
2782
3806
6718
3426
98
6635
1235
6337
5055
5218
5624
6697
272
1537
6089
8157
2661
1869
7890
2853
5795
3342
1731
5172
5171
6113
3972
4903
5397
5720
3959
1911
7541
4097
3142
4493
6524
7447
5926
2281
1305
5963
4267
8074
496
1785
2594
7562
3018
3262
4290
2693
2251
3315
5613
4645
1174
2591
1494
7217
1937
6413
7274
1054
7880
1673
6870
1934
3491
2474
3303
5300
7922
4078
5367
4494
5096
2425
6855
2730
147
5760
2809
5266
2137
6956
4572
3889
575
2404
8175
3987
4976
6329
3482
5369
2923
2340
1593
3127
5433
6082
6771
4957
3484
6875
3057
2737
2244
1922
2013
5037
6649
3630
7099
3791
672
4197
3484
7052
182
4222
5003
7943
6619
580
39
1397
4404
4371
5807
1296
6917
5110
1554
6002
6185
1071
4334
1762
2439
7603
5017
36
1125
7762
7772
8105
3476
3997
409
4932
2912
3398
5658
6576
7132
3700
593
2228
7173
430
3538
3281
2062
6738
147
1133
2196
2643
4238
4223
3109
3599
7435
2412
4102
4471
5373
1285
7277
440
403
3819
4996
7410
7705
5423
752
1859
908
7481
3628
764
7325
6133
5394
5754
3207
7789
5012
6118
111
2421
751
3045
7033
3941
3340
3150
3805
2787
502
7724
2338
5732
1505
1930
1306
6863
2870
7768
3892
5823
5226
8046
3604
372
4513
6381
1052
1041
4097
1215
8058
130
5513
217
3176
7008
2933
4865
2904
4647
4209
4308
3817
1480
6127
2684
6747
2259
8004
1183
478
7721
1435
5311
5771
3988
4310
4445
3480
624
3560
3602
3796
651
5013
6925
1084
280
3720
2461
2421
6011
1831
3294
3674
5237
7355
594
5641
6119
5526
4864
2382
6036
7670
2032
6030
228
2989
7737
3701
4922
7480
5553
4971
6178
4334
5223
4476
3545
999
8090
5156
2647
7561
7389
6180
3640
4453
899
7456
5289
8094
5179
7944
7821
1526
3167
2152
4434
2306
324
3355
5352
5130
6262
4135
7969
7052
764
695
5569
3656
5774
6934
1065
7168
8186
6464
3730
4413
4713
1512
7516
6778
8154
3462
2141
5342
3595
4937
1886
6950
2399
4414
3361
1170
3009
2233
4198
6915
662
7942
3877
5062
5109
2092
3995
4692
1088
2201
3624
385
2646
3349
5045
4415
5714
4103
7296
7904
3818
5903
6513
792
351
4821
1323
4783
4642
7434
439
2472
1886
301
3084
8152
3615
409
4085
7093
3602
2907
4685
1208
967
2954
4807
239
3633
7432
4917
7904
1895
7595
7001
2402
5142
1977
4237
6418
5912
3401
5050
5967
2465
1378
474
2279
1084
2193
6315
99
7351
8155
3752
1458
2489
7344
6420
3593
640
2896
2611
3032
6656
5931
981
7311
5485
8158
3523
3599
508
5788
7192
1452
6846
6575
3852
2436
4485
1188
1274
1273
7180
7971
2305
2595
3613
1405
5819
7096
4659
427
8056
2530
2561
2399
6740
1348
169
48
4380
6155
4092
6257
7096
3671
4904
244
3869
7481
2959
2997
8118
5974
4948
1310
3884
7394
3436
3088
4037
5289
200
312
572
1753
1376
1059
7368
8189
7112
3085
2482
389
1351
4712
4385
619
2451
6283
3209
4355
7090
5777
2860
2344
296
3940
3857
8133
4443
4079
659
5494
2042
6748
2565
4769
4537
2626
3483
3169
4096
3424
4232
7368
1359
2791
5875
5065
826
4237
235
5990
917
4644
6442
2064
5256
675
218
5406
688
4843
621
2236
2717
7259
982
778
3180
7938
6600
575
1895
2909
4542
1848
557
3653
7819
6135
3397
1713
4932
4129
7390
7510
805
880
4873
1708
4919
4315
6711
666
5683
1229
6291
3971
1415
4950
3543
2118
1807
7208
8104
8156
8178
7226
4898
5792
5819
5284
3929
5076
1116
4994
1019
890
4733
4052
7209
2333
2512
319
212
4728
2852
6908
5097
2567
5937
3935
8115
5467
6733
1955
494
6998
438
1990
577
3140
3759
1478
1846
7193
6468
4448
7696
878
2281
6136
6588
5807
7624
8003
3768
5799
3030
2195
1801
3948
706
6750
5778
6747
1519
2828
4058
1916
2346
2198
305
3776
1253
3421
7559
4527
5109
5037
2563
4939
6390
2932
3454
6940
4204
5778
6584
3919
2874
6499
7191
2720
6577
329
7800
4150
4238
4363
5551
6262
1466
4588
5392
5780
4690
7383
968
6704
2584
5289
3238
4290
7857
6917
3010
6063
8187
5411
700
5274
5074
3058
1383
4782
210
2274
2714
2393
928
2476
4485
7357
8180
7430
2424
8061
408
2059
2893
1705
2533
6333
2055
3597
2160
4727
4931
112
3731
4732
4696
4951
2813
1876
1816
2574
4673
1877
6202
2804
4687
4378
8118
7063
3974
6696
6818
2923
620
4576
1387
3642
7460
7147
3547
2958
8113
42
4629
4072
2871
7821
5247
2616
6243
4754
4552
2200
1403
6529
5280
6885
2163
3063
7251
4657
6996
4428
1710
3594
2318
651
7359
7004
6740
744
7431
3582
552
6720
1972
406
3324
2090
852
6064
391
7621
7792
28
3471
987
5692
4666
4515
2392
2511
8027
5047
619
5636
4339
2542
6002
6043
7105
5095
8139
6736
331
6880
4453
5172
754
4180
2862
4389
2161
2417
3265
7000
2961
7535
3829
6364
1116
2159
6745
3253
3554
5843
5485
2776
124
355
7339
5001
729
5546
6761
5160
6155
2947
312
1171
2847
1653
5682
375
5778
1153
4967
6711
6377
608
4002
3341
2774
7606
3933
3216
3469
3860
2486
2001
4392
6030
33
2548
3829
66
3142
407
6039
5568
3667
3111
2351
1767
6129
322
2374
4185
5018
3936
7558
1169
2748
2710
1466
2074
2785
2535
2744
7112
5460
7626
3508
4182
3665
3571
268
4820
43
3143
189
5331
501
6961
6421
4907
1086
3647
1343
8172
3276
4646
1354
7628
1162
5651
170
2969
6649
6495
5264
5079
971
4281
7625
6026
2222
4910
5916
4802
1373
5556
1309
5928
4940
650
3886
7305
168
7520
7600
2994
3376
3660
3152
5702
3011
2481
3200
2367
616
5115
490
4768
1153
946
5448
6424
1441
3563
6444
400
1647
1910
6427
2085
3679
5238
2664
7157
2226
4197
5606
5611
5262
5792
4919
6034
4148
4365
7571
1794
5721
3195
1219
7923
6352
7178
7228
5491
2604
7216
2291
4326
5051
7853
4731
6667
2198
4755
7445
3103
6581
2698
908
4890
6321
2229
7708
1460
5384
2094
7839
8116
7609
6622
7259
7207
4524
2974
8040
525
3370
2063
1049
1201
4467
653
918
2
4832
6377
7249
5528
5720
5221
394
1672
7036
4534
3628
3669
3753
3488
2127
2844
1329
1794
5612
5468
3321
4662
6519
1526
5166
4878
2331
4968
6492
5645
815
2109
6532
5659
1548
7458
4530
7889
896
763
661
1125
1492
7696
7239
6069
3423
3624
701
5988
3082
4814
623
1543
1225
666
6664
6832
3789
5227
29
5294
4334
1598
387
183
3515
1043
4611
5383
6636
8063
188
4144
1945
3052
3329
7389
2920
842
8166
4350
5275
2387
4142
4957
1511
6305
3813
1562
7806
3208
3640
2668
1655
7487
5028
6566
8095
2791
6935
3540
5859
4181
189
2406
8070
2788
162
7970
4165
2791
6557
6989
3445
5108
5867
855
7819
6378
529
3294
190
2201
7328
5834
1311
6841
1312
3005
2736
1508
4155
3047
885
5122
506
4758
1860
4517
5134
2760
1050
5105
1458
872
6040
1960
5559
6612
6488
4525
1364
1764
3258
5708
1258
2811
4162
4358
3557
6251
299
5095
7652
7500
5543
1152
5796
5890
5322
2135
2372
6150
2045
3231
3566
5452
4358
4398
5493
6768
7714
1975
6650
5488
2633
2818
5415
4912
1089
557
7302
397
8122
1872
6883
2556
5912
7303
4999
1594
947
3218
6915
8164
6460
2880
4301
6706
7494
3335
5087
1198
7904
3015
5998
5449
5766
2257
5973
6918
6673
2754
6078
91
2883
4360
4424
401
3133
255
384
209
2350
7027
3088
5173
2372
7985
6104
3092
3190
2449
7739
5943
3388
7184
7040
2567
6938
4519
7290
7440
1913
7411
7583
6521
5456
7598
7904
6174
3136
7819
137
1595
662
4556
538
2741
6696
6645
5017
3662
4367
830
2976
2627
2242
468
5187
4726
2074
6285
6993
3459
3043
7079
4183
7722
5915
5346
7500
544
6530
2875
3183
5054
3741
4723
7234
2888
4043
110
3389
7003
5176
2804
1771
4377
5550
6947
5007
5663
145
264
4776
4100
6618
1482
156
2714
4922
2732
452
8083
2742
7257
4896
1169
299
699
5437
4431
1442
5164
7621
6072
6345
1668
6216
4792
3163
188
7206
7154
2458
7323
8014
2195
3355
435
1458
4439
3563
4875
1140
1574
5284
86
3229
784
453
3331
285
4139
6434
1257
6884
6627
7392
6977
7775
2453
4437
6151
6254
6669
3118
5739
5551
6040
7504
6308
4889
984
3069
1945
8053
6802
1160
3289
1164
6933
1194
6501
5808
2775
6337
6686
2423
6012
2591
4802
1827
6790
1542
308
2776
3749
6524
7423
3841
4366
7528
4729
7121
2099
2141
3932
5487
2314
6924
4334
1385
7537
3711
3214
5263
3746
1953
1209
1437
1924
1162
2484
6207
4802
517
4477
2016
4623
502
6692
6690
7890
6026
359
4935
3055
4160
6314
4051
3281
6128
6993
5464
1157
4777
7341
4535
271
1494
2289
4211
2495
2043
6363
5923
7430
1286
2432
2476
4580
3823
2288
7
7693
5551
3559
7133
1004
5617
5434
1210
5871
1602
1251
5268
2552
7227
3205
2523
4303
3405
4161
4971
819
1093
2089
176
7643
4458
6081
3409
1359
3806
6625
3028
1981
1756
4794
4885
2429
2615
2118
5217
1029
6464
3888
3457
7570
4489
7329
5438
6623
4949
4986
2374
8135
2026
7158
135
1781
8046
5954
2482
2673
1092
5411
1680
5227
4338
6416
2901
1169
3175
5854
3657
4416
2521
1828
1633
3375
610
676
7232
3264
7876
3323
7341
2312
2425
3169
6133
4544
6392
6730
4096
7405
1838
2797
5757
2795
7980
1228
854
4871
264
2635
3567
112
1224
7125
1183
3553
4314
5822
5760
2265
702
776
3179
516
8071
5827
1155
4349
3592
4412
1501
5516
2392
524
4616
2644
7477
239
2859
7451
7972
5279
7984
6969
6486
6515
4548
5661
1219
1853
1442
6640
3616
6719
1348
6219
5965
6476
5661
2440
4554
7576
2335
777
3311
5242
5732
7938
3803
7195
1770
1789
1075
1880
6720
1385
6330
6231
4616
6426
6594
573
7092
2246
8066
46
370
6675
6626
2241
1256
573
4159
283
3374
3061
7673
2604
4540
4810
5228
1335
7927
3960
7840
3124
1867
3691
5655
4144
7301
4938
6138
1406
7474
3796
3555
7690
7612
373
4117
4176
5800
6910
3218
6393
516
2501
7760
490
4359
2114
2984
6203
3560
3018
7932
4115
6577
4575
5915
8017
1281
6124
1898
1109
3757
7464
5612
901
5166
1229
5353
2958
975
6866
6148
5439
5334
3317
5198
6232
387
4397
7517
2835
7189
4239
8134
4100
4836
5960
1341
5663
1898
4044
3542
5053
7699
1632
7133
6598
3188
7230
1713
2704
3117
1328
4477
7249
6731
6740
3084
7445
5570
4108
1947
2723
6336
6102
5076
6258
7396
231
4000
5794
1246
6421
1889
3209
6027
7111
4621
3707
4565
3148
1741
4134
2875
1630
7610
2692
4709
4457
6979
1535
7783
5316
5260
6131
215
5195
2914
1640
3166
6569
3472
6192
609
6221
2496
5049
5638
3474
5142
1811
7879
1443
6144
6710
7176
1784
2075
7649
5631
3069
6102
4242
1654
1133
3565
5487
873
399
8124
6915
6758
4671
4513
7996
6445
2667
521
6378
8027
7737
1693
3091
3630
2545
2927
1075
7367
5777
7192
7684
7663
1732
4332
369
845
7234
7458
5202
5029
417
5512
4342
1497
7508
7533
6471
2211
2066
7466
6889
7185
6391
2996
7310
561
1516
3132
5049
508
7548
1864
4117
5061
805
6846
4609
2101
8101
2032
4650
6280
6003
1458
1078
3159
6875
1527
3306
6622
2533
2810
613
6851
7012
7144
6583
4278
4207
6595
8012
2378
1454
5143
1769
7218
4640
7408
7214
3484
338
6611
5759
2599
3736
7417
7110
2784
650
6311
3591
1249
7683
3054
705
3877
564
5091
6810
1401
7864
110
7976
7134
2753
3347
8003
2818
6232
5019
5198
7142
6059
2550
153
3222
22
536
1440
5651
7529
4332
1558
1899
7839
6507
4358
7339
2319
1717
6134
2505
7632
315
6214
4224
281
6361
6188
4289
6972
4847
292
2533
3103
3529
5477
6257
1108
4752
5311
6666
7817
3702
148
7528
6582
6332
247
7370
3473
1214
41
476
258
6093
4462
7485
1065
7848
6009
4608
1870
7539
510
7917
5563
2106
7551
263
556
1561
4425
4568
2776
7198
2963
2817
6633
2207
6210
4321
1378
1838
850
4043
5506
3886
631
2228
7127
910
2658
6188
8075
7405
4862
2187
3798
1419
850
2084
2842
2213
2778
1703
22
5979
7266
2126
115
6527
2001
4032
6010
4150
1920
3117
2856
5416
3485
2824
2305
4150
4677
3099
1526
3552
8054
5079
5595
5065
357
3959
5262
6932
7406
1650
2791
2153
2148
7846
70
69
6976
7878
2163
4039
5385
1102
600
7232
4863
3686
2334
3932
3458
2597
3387
3510
4716
6765
2358
2020
4287
6046
7770
2680
5484
614
7176
6917
504
1940
2622
5065
3689
1711
2574
7421
2818
3591
3832
7250
3637
7992
263
5335
3194
8168
892
7036
5438
4862
3682
8038
1896
7373
5701
3588
3407
1246
3236
1999
2439
7522
6780
1255
6431
5106
7626
5158
3030
315
153
459
3599
7154
7896
7499
685
938
1592
6986
3173
5515
5139
3787
5912
283
2232
7063
880
3839
457
7747
696
3409
5855
308
247
4810
6820
2409
4601
1772
8114
7046
5739
5241
755
5753
1017
5466
3923
3142
594
819
8066
3190
7160
5222
3729
742
2418
3573
7930
8031
7608
7014
3736
4174
321
5852
1519
13
7361
3577
4099
5958
7219
2362
42
44
7672
6447
2877
323
4214
432
5342
2124
2951
2529
2065
8009
4810
6102
6117
6368
1195
2012
2793
7121
6423
7802
3924
5729
1371
5490
2068
7376
2932
6607
765
5575
7548
7148
2107
3083
5730
6757
2769
8168
5030
2874
5360
4131
5613
21
4407
4383
7484
1590
247
4587
3983
391
8171
5696
3043
7319
3541
6059
1946
4943
4098
4219
4144
4289
3793
2876
3847
3353
6449
8049
6584
6503
6535
2034
3989
5033
144
5011
3654
5616
5318
4749
7697
7169
3196
6720
3221
2156
2144
8054
5577
3647
2408
4622
4696
6346
4937
2767
5149
1609
4812
7960
2540
2825
295
503
6192
3269
7062
3568
6569
3280
7502
5952
4292
1059
6869
5998
3372
3828
5847
3812
346
3095
2969
2127
6313
1075
4185
1851
8098
2334
6738
3368
1698
6268
3460
3712
7014
3638
1579
3557
6705
728
6583
1432
3365
7210
2635
7105
4689
6156
7270
6493
2675
1143
4357
6438
1612
7415
6897
821
7035
7428
612
5311
2034
1405
841
1496
456
5729
4034
3964
5549
4052
1967
7239
3764
4026
3927
4376
3378
995
4451
3887
3775
4594
3326
1856
7932
2883
7963
23
3899
3802
2238
4394
6992
6257
967
4558
7319
6624
4049
3097
4883
2705
2788
2767
2508
3304
4683
5351
4413
1810
2443
117
7247
3705
3523
8030
1348
886
5644
2276
7169
5583
7301
7636
4951
3925
962
7649
942
5567
4453
6680
1239
6570
5528
984
1171
2263
312
5242
496
3160
8041
3719
7820
3946
5534
7753
5337
3524
1349
8164
5756
3024
8113
4838
6058
576
3944
7694
5517
2395
7641
3345
5973
1531
608
6691
5641
5
1251
7649
2262
3057
5327
7199
5465
4413
6958
8029
2337
6003
5857
7922
3852
2467
5020
7799
1276
912
2907
7223
2438
2011
5800
1713
4959
7855
3828
6168
6975
556
2277
5490
918
2190
6268
3084
1608
724
200
953
8137
7619
6905
6741
6151
5784
173
2664
3384
3507
740
7218
1027
4434
3683
2108
1262
7927
2097
512
4775
6599
1764
8183
6703
500
216
7829
6132
96
4861
527
1926
617
558
5707
6680
7135
2337
7897
1990
3728
4932
1650
7410
889
4291
5294
5613
1367
5928
4822
3464
7995
1268
4459
3403
3374
3031
7532
1921
3578
7741
3860
2805
6579
338
7977
1731
2946
5888
4417
497
142
1058
2387
2126
4623
2527
4985
3369
3224
8027
953
1931
1944
5902
4206
3255
620
5112
1617
2095
454
2970
3725
1945
586
3629
5147
6407
2802
5407
4132
8045
321
7452
262
4302
5844
7296
993
352
5722
7701
3582
5236
7936
5041
7744
1529
4216
2661
1097
7451
3525
5296
7424
246
5777
1387
5263
5153
4419
850
7020
6910
5555
2169
5659
5288
2341
6036
4352
4206
5956
6883
6122
5106
7854
2970
4978
6917
1491
1591
1913
7441
6468
7846
514
8145
1961
2462
50
4205
2302
5560
6497
5951
3146
4856
682
5250
3390
6852
5732
2715
5336
6440
7163
7054
3736
5284
296
4371
8043
6349
2979
4241
6627
3154
6952
3474
4624
2924
6548
1639
1433
3878
6205
3973
3154
6336
3622
1144
2836
6695
1356
522
1249
6875
6885
1729
693
6082
1792
1946
3319
5976
7489
6622
7242
6018
3989
7099
7138
2768
7022
2001
7303
1716
3173
6376
809
3950
4032
3910
7378
4376
6794
3655
7814
1115
2078
7462
998
4635
3484
1886
6894
2419
3391
5954
3183
347
7209
1933
3261
396
4228
5874
4596
2153
6977
876
7942
7500
1909
7062
1269
5158
5377
5109
3322
4457
279
7882
5236
6471
5575
6575
4641
3302
856
3936
3464
2525
2129
2498
3902
1703
7717
3068
2324
261
690
2879
1892
3481
7612
871
7184
4654
7364
157
5071
2881
7947
1696
62
4781
3135
6072
7413
7813
7952
6069
4504
7821
4981
620
3113
6941
4437
6279
2079
1265
3370
2600
777
4607
6605
3481
1569
5260
2773
2716
5350
4048
4979
4884
2167
3579
4633
507
571
6196
5966
1327
154
4147
2827
4342
3873
4004
7818
6460
8158
588
612
6408
7087
290
7824
6549
8082
3695
390
1328
2050
6669
7964
1209
6927
4808
2506
4065
1452
5123
2203
5862
8014
8130
6465
2112
1298
5012
1042
1426
1768
3600
1209
4481
3920
590
7715
3355
4566
2894
1399
6313
5110
7027
5079
801
1462
4425
6349
1912
7677
1135
507
2809
1449
4699
7248
3802
1069
7408
7958
3504
6257
7272
2841
8126
7951
5707
5133
5159
8104
3196
1845
3764
6521
5784
4301
6092
5252
1588
3564
3394
4253
4548
103
3464
5346
7280
5735
7018
3466
6541
829
5747
1734
5139
1954
5209
3006
3400
5634
769
6372
1502
3449
715
8085
2789
2420
3899
3133
442
7208
7216
783
3228
2282
4555
7453
5132
1603
7459
6252
6494
1264
909
4442
3320
2774
1630
4106
6643
2899
2660
1544
2491
4104
1732
4541
366
1824
4129
4149
416
6715
5558
4572
1409
4443
1361
695
6707
6226
104
5918
472
1596
8136
3715
2509
4981
5494
2116
4512
6902
3527
6993
5046
4916
2941
8055
2795
5433
6327
982
3713
5830
6657
7477
6568
1981
3415
4921
2921
142
8071
1400
6780
5719
4967
6347
7398
6897
7211
6089
2464
52
3019
884
733
5111
7596
3508
7887
2058
4654
6087
3110
4372
6224
6951
1243
2096
7747
6626
1877
3301
3993
4351
638
5055
6317
4068
2080
3720
588
7180
433
5617
2241
4610
4833
5302
1742
2492
2948
3640
2624
4782
3330
1666
1896
8055
2157
4504
7485
976
8068
72
6529
2725
8081
261
7801
7492
2031
1273
8055
7488
2953
2204
2906
3423
1127
6814
562
3523
1982
7381
739
1432
6355
1160
5672
2328
5988
2257
7150
982
7506
1632
3848
4650
5578
7208
2317
3153
6534
221
7614
3233
8075
7860
7019
101
1151
2981
5674
1817
5366
1552
2077
7166
5720
3934
1093
1350
6070
6794
7764
1505
3816
4055
3101
2851
6316
2205
238
1597
3113
3998
3181
92
3736
2043
4826
922
823
7463
345
3580
771
2701
7154
5993
2098
3397
4892
6211
2216
3014
6848
524
2919
1869
5169
2961
1360
7153
8165
378
3476
5388
4847
7449
250
825
4266
3605
2383
808
3105
7941
1233
5460
2171
1718
3293
1643
7849
7080
7759
2289
1008
8008
7716
3810
7098
5165
5546
7438
3110
5324
397
5015
5078
7460
4729
2732
7713
7671
7440
4145
3633
1599
1593
4711
2069
2304
4561
2423
3742
614
562
927
3400
5547
2324
5734
3531
576
7414
1563
4492
7683
5257
295
4098
1336
7049
5909
5656
2184
1594
5585
6194
3031
4857
4083
5044
3103
2487
1198
3992
4700
2311
3813
6444
95
3660
6703
7641
2861
7485
6400
2305
3148
6526
6286
6628
5861
6045
2399
7775
502
288
5562
4503
4715
7887
6694
1878
5845
5580
953
1143
910
3478
2646
380
3886
4264
6780
5521
4489
1534
5772
7677
7723
718
6054
2280
4253
6290
2794
844
3248
4310
4994
6796
5882
7854
415
3222
3722
4697
526
8148
5380
185
2974
2607
1966
7050
7058
3807
996
3061
2102
552
777
1618
6660
7416
2904
5956
5243
1378
104
137
5892
515
635
791
7302
7004
2232
5713
502
5524
1853
7802
5820
3593
1551
453
7775
2566
5415
2568
3200
7966
4209
7302
79
549
1510
4414
3012
2335
6313
1009
3929
8160
7434
915
4665
174
6128
5647
6199
5285
3150
6231
5343
5497
3466
925
467
4064
7829
6984
5627
5712
6882
2776
5178
1130
3533
903
1934
6371
6938
1767
1663
843
4794
2889
420
7081
1147
6445
7254
6347
7574
1181
6623
1938
6252
3053
7368
4160
7020
7713
3307
7943
577
2321
6426
919
5596
4756
2696
2297
1371
7192
5524
1310
6660
5816
4659
141
162
4998
3459
1183
1819
749
2139
1317
6084
5225
149
3177
3625
4250
903
4742
502
4579
6429
5970
2638
3930
1200
3527
4734
6874
2483
3696
3039
4750
8036
4590
2197
4431
7200
5026
6274
1500
1137
7678
4785
261
5181
7602
8037
5573
3299
5709
5273
3732
7967
4930
4759
2427
2908
5139
2089
7200
2426
838
7530
2977
3836
15
7661
1620
2021
5231
2983
4526
1310
4152
5454
633
6206
2114
1625
5188
1642
5240
6989
3534
3366
6992
4299
7834
6123
2927
6992
1678
2851
353
2880
6
475
7754
3794
4179
681
6937
4312
63
5171
445
7999
4065
767
2544
2817
7661
1034
4678
6320
5509
8055
6163
3753
5831
7435
4804
7316
6572
2885
812
1642
331
3946
7848
6337
7293
1995
7068
4270
6650
3317
992
481
1929
1505
5436
4567
4252
3825
5304
3960
8
3147
6994
2115
7698
678
5882
7231
2111
5175
5833
4849
6096
7093
916
5874
10
6200
7284
4999
5119
2393
4371
7701
1737
2797
2166
317
18
1779
852
5281
5165
4139
1196
1094
2877
6254
5061
5603
4536
1546
6465
2060
5947
6171
6056
3163
5119
2830
4436
7835
867
3545
5317
4524
2320
6948
4341
4213
6401
5774
6409
1348
2203
5857
5726
2535
902
3849
1679
5015
2761
3881
1489
499
5140
7840
7078
6487
1025
749
3581
5820
5518
1014
3419
1143
7683
7533
2680
4170
3382
2443
4909
4112
566
4373
2603
1128
2974
2009
894
6352
1309
1436
2393
5458
2685
6115
6788
3308
87
6099
307
6314
7611
4943
6219
1267
1733
7720
2722
7500
6365
5698
3748
601
7600
1667
5724
1094
5558
2922
7333
1253
1576
4323
2538
5207
1546
7089
5027
429
775
1452
2002
5901
1948
2400
6229
1175
2650
3927
2207
2995
4333
2433
799
2259
5167
5328
4848
3581
7342
5756
2889
7464
7454
5242
4724
5478
6838
7220
2846
5699
6157
3957
2057
3601
7958
8154
1502
959
4393
4466
4312
7396
2736
1287
3202
5094
2846
2817
3801
1652
7274
3503
2893
3748
2052
2802
4759
2920
7936
3020
4158
4495
6331
1796
1194
7325
7461
4510
6505
7484
6053
5335
5338
3722
3175
175
4703
3998
7958
4504
1383
3337
5947
1999
6332
6011
6122
437
650
8126
5922
3456
2572
625
2613
2416
6309
4907
2520
3676
53
383
2062
981
1871
4959
5913
7728
7586
8008
6636
3906
976
4915
6263
7868
8053
2017
1082
1380
6963
7635
359
16
6660
2863
3853
23
2717
2117
884
7369
2802
4457
2900
1373
5153
1417
6516
8064
3146
3235
990
6711
3794
466
1061
5881
3314
2750
7468
3798
4685
74
5028
5033
1252
2166
7167
5701
2203
668
6838
7039
1695
2230
287
2131
1202
670
7131
4058
4947
6836
8157
1580
6265
7191
973
3542
5174
1509
3423
183
2746
4049
6612
6713
4514
1027
8141
4991
7148
2240
5166
4214
3972
2057
3824
1916
63
321
5516
3932
7858
3136
762
7916
5642
4105
105
7738
5074
502
6793
1481
2291
915
1482
611
3709
741
3642
2660
1293
1660
7877
5920
3658
3743
5736
5646
6239
4201
6889
4431
8058
3548
5876
8079
1541
1204
6519
3086
3605
2523
5454
8128
7057
4937
14
3343
3119
8038
7723
3131
4042
6094
3928
7460
3895
5012
682
1244
4507
4158
5342
7432
6177
5031
6114
5715
5711
5614
2341
1614
853
4578
2097
5828
2048
2794
2517
3487
7999
7821
2781
4372
3953
2430
4476
7606
904
3799
7392
4137
6196
5274
4459
366
5853
6810
7424
1293
6770
3521
1447
4009
7764
5756
5548
6543
2891
4095
20
1221
6003
4421
2119
1172
4902
8029
7519
2969
7403
436
6111
1559
4347
303
7501
2841
3625
7554
7324
3659
523
2936
4003
7642
722
668
5473
7725
7947
2191
4033
1522
7523
4385
6800
1882
604
4119
707
6582
4889
3844
749
5556
5717
3906
5829
3351
7014
3476
6945
7935
8010
2115
7616
8070
3634
3506
114
4954
4726
5048
2852
5996
1581
2245
178
5383
4461
1715
6434
4694
915
4854
5027
5803
4435
3344
2433
3153
2977
7839
5445
1249
3484
2435
5469
6354
6725
328
7407
4740
1930
983
4177
7422
3395
6115
561
7907
7753
6567
1265
3329
7030
2687
5872
6546
7926
1744
931
7565
3697
5864
5460
350
2160
4275
91
1671
4662
5699
6259
615
1120
2658
4291
7504
1121
747
4092
2857
1366
1942
506
4854
7035
6759
6468
4315
4488
2385
5099
1552
1785
4758
922
2358
541
6385
4109
6114
2451
6586
464
6733
2198
1364
2577
4566
2460
7751
2146
2281
7775
2467
735
584
1554
1527
5579
610
7711
3645
254
3811
2831
2770
500
174
2791
4647
7501
3834
1399
2425
4584
5615
5855
7743
8135
4456
5016
1350
3639
2195
4524
2929
5565
8089
1940
1349
7384
4508
1593
509
2510
6837
120
4209
635
1129
6185
2518
5546
6099
2007
6171
5023
2547
691
2815
1633
1390
984
3231
778
2333
5434
6328
7655
1653
2216
2848
360
4711
3449
4915
7972
3681
2128
2644
2379
3809
7064
4475
1462
1536
3303
2249
6898
2314
4634
9
3934
6586
3887
149
5252
2506
529
4223
4813
2125
6837
2722
7619
5241
2953
7139
1607
7181
2185
1877
2423
2684
6826
4766
4218
2294
2728
4758
6952
2483
924
1119
1662
5881
3157
7871
3299
4240
4535
3574
5107
2579
3714
3158
8003
5998
2579
5168
5315
240
910
5088
3345
68
5660
119
1026
1780
660
7036
3112
7317
2128
5917
4117
6086
6297
7020
5782
5411
5066
5873
539
4213
1258
781
2363
6012
7908
7871
5460
1460
3587
809
6230
4926
4507
5944
6931
3726
5473
6908
3821
900
520
5807
6280
2139
689
682
765
152
2997
8188
3455
2744
2494
4166
7923
699
4648
7862
1517
4475
4781
7165
6140
6243
2949
6392
7157
3799
2294
5206
282
6428
5537
6561
1249
234
2990
1253
1086
4528
1669
5656
2355
3122
2232
2108
1238
1817
202
1888
7902
8064
5231
6462
2716
6964
5333
6201
1128
1584
4201
6253
4015
6400
370
2316
5259
2697
3597
7989
2632
5563
6369
7702
5030
1128
3226
1430
2222
2281
2798
5484
4897
1886
7789
3569
5441
7923
6435
23
4785
6065
1588
7997
6365
6334
2006
3245
1063
7885
6891
3902
4846
1572
5409
6540
1088
1480
6246
7345
270
4625
7828
465
6590
2028
4689
7416
4882
3197
1746
2570
7118
5940
2170
2305
3320
329
7649
6292
391
4597
7510
693
7456
6805
2432
368
3622
2819
2745
7823
5075
2522
3669
7755
4182
1226
1194
5223
4129
7355
1870
4436
7872
7169
1904
5862
7824
6427
3623
3188
196
6086
5057
4744
3913
8126
5751
1619
2070
2826
6980
7012
5067
1375
1087
2945
1737
1659
6001
7286
8019
4031
6009
5129
1284
2584
5611
2928
4512
3827
8113
5270
631
4853
3985
6560
205
704
3378
1590
2410
2985
619
5315
1397
155
214
6338
1023
3374
680
2586
7024
121
4141
4538
26
543
3080
629
6630
5430
4359
7274
6931
8004
2776
5962
5795
303
1571
2057
3129
704
6903
3946
6890
4124
5681
7531
5075
1569
6945
1336
845
1293
3812
6074
5180
2025
3063
4281
6230
7660
5981
694
2906
1580
1054
3385
786
3517
8125
3264
1171
5666
3575
5299
5854
6989
3897
7138
3606
5025
1882
4732
282
3020
3711
2826
44
4007
6372
6956
1966
1889
4582
8044
6649
3639
4187
2349
6285
6529
5448
1548
7399
2574
6330
5022
1733
3946
4869
7742
1724
6064
4742
4298
3278
1228
42
8164
4644
428
4100
5578
2089
2403
319
2839
7740
5360
4867
2617
8112
4573
7638
696
1918
3658
7396
4477
1049
6924
5211
7298
5922
4422
3498
6746
6576
2076
5219
3810
6629
1247
5053
6673
6744
4899
4864
6124
3050
887
3132
4516
92
773
859
158
5407
6623
2734
6727
3260
602
7501
7300
4214
7225
3810
6505
7945
2208
1059
6085
2027
8131
6383
1320
6416
2482
4452
3199
4155
3508
3377
3956
3570
3879
485
5187
205
1396
5436
127
636
7127
1784
7017
1856
952
7873
140
3051
898
2591
484
2489
35
1634
3475
642
5921
1823
4115
4082
3115
640
6799
1714
2610
7917
5649
169
5193
283
7364
443
1492
3425
4300
2058
6007
983
5805
5664
7248
7220
2607
4941
6490
5709
153
112
6723
1864
6278
5778
111
1232
1154
5684
2623
2258
1323
3055
7124
7384
7423
7982
1146
3956
7032
1322
4973
7247
1686
5175
5551
5353
3807
1451
2374
2563
5943
8060
1798
2408
2540
1724
5172
8067
6376
2822
7316
3693
4078
1563
6649
5052
4910
7365
6272
2850
2001
3495
2618
5556
560
4781
5810
7446
2232
662
5066
8122
4809
1445
1914
2471
6071
7071
771
7557
6250
3944
3921
7881
4610
7974
2536
2727
5077
1454
7796
1439
8142
7491
549
4819
2385
5179
3284
1453
504
7510
1282
6776
4412
6097
3435
7454
6029
2971
7824
3140
8041
5417
8114
247
6172
6376
1944
5896
5127
377
1711
4034
5280
5538
5321
4027
1079
3397
6798
413
6876
6319
2565
3101
2292
7819
1183
2624
5563
7149
7592
1210
2116
1186
7417
5125
6479
404
4576
8184
5909
3677
5600
5761
4594
4247
332
5090
407
2656
653
4057
3023
497
4185
4490
7235
6608
5564
5486
6975
5522
1481
2729
6455
7891
4085
1813
5643
4960
6964
6517
7132
4764
7744
3984
2758
7044
334
616
2137
4613
8075
1407
5420
6435
7162
4336
5261
5126
2496
4511
5506
2873
8018
4581
3558
670
5927
6548
3251
2365
6403
2492
6578
5382
348
4640
4091
3051
4197
6259
3304
4440
6340
2080
3244
5724
1027
2616
5372
1042
7717
1333
4002
93
1111
6603
3203
1317
1935
5006
5080
6334
426
2244
7409
3231
2698
3005
110
7438
5696
2491
6696
1049
786
2081
6254
7208
1536
2443
5351
3720
6559
4837
3433
382
6679
3793
5772
3399
524
1573
2578
275
2330
2518
4903
5988
4594
330
697
1728
880
2850
7696
1962
7838
2886
1953
1829
8146
3074
4551
5636
4473
5833
6106
7542
1290
571
1337
568
3432
1064
2935
7981
3083
8009
5860
2091
6212
3107
6293
7493
4292
7038
2520
2370
315
5976
6347
2727
62
1641
2268
2715
3991
1934
2916
4088
1947
2024
380
7489
1278
713
7354
5884
6617
2140
2852
7084
2816
857
7131
2656
4436
6776
5588
7988
7518
3303
7605
2705
7706
7728
2146
2160
2325
3009
6068
3360
7027
2635
1958
3742
3072
4723
7132
465
3331
6449
5726
1186
365
273
5416
3958
1820
7568
6375
7519
5554
566
3316
578
1554
1137
2165
5480
5509
4924
293
7729
5494
1143
1712
1394
5473
8128
1678
4572
579
3301
3376
7955
544
5120
7192
222
2630
4922
920
5304
3411
3645
4366
2213
3867
796
7052
3584
5838
1210
5072
8043
1100
4694
2846
2799
4187
3217
1570
6863
7751
4556
7344
6832
306
3342
4400
2625
4874
1064
3782
3575
1184
5073
1355
353
1400
3135
1684
4416
430
3966
6210
3846
6556
1785
1410
135
2451
4417
4394
3995
4628
8139
1108
3163
1806
6415
343
3111
5682
679
3587
3939
4793
7403
4118
2858
7273
7028
4273
7117
5847
4389
6599
7492
3548
6409
7333
4431
4326
5630
4784
1364
3575
2259
3971
5835
4059
5797
764
670
1084
6179
5505
7614
2961
5643
2828
6963
5748
6504
6809
545
7340
8085
3680
3504
3781
5469
6988
1659
5069
5183
1806
2862
4906
4984
7874
6738
5011
6205
7382
1283
6944
201
941
2131
679
6594
2211
5563
5203
4489
3473
6623
2471
1801
4179
6514
2149
1961
2457
3831
7268
4183
7784
1951
5129
4017
4222
7104
1708
556
1605
3817
6834
1352
7780
4127
6751
7255
1907
5053
6778
2506
4619
579
3920
3137
6491
715
6357
2385
535
2597
1297
6962
5317
2718
4845
5548
6526
4708
875
