114
40
156
191
83
146
16
187
37
11
108
57
84
16
140
43
223
209
122
146
92
239
52
157
94
49
79
123
54
256
63
177
153
157
57
74
226
70
11
238
188
43
32
133
43
233
59
159
182
96
182
135
239
113
123
194
104
17
111
215
136
239
213
111
246
92
230
148
25
245
111
203
174
223
75
25
37
204
146
181
30
83
175
167
194
235
204
202
64
77
8
81
224
133
23
40
137
16
36
240
160
246
237
192
110
99
191
55
110
251
117
154
102
198
97
62
162
206
212
133
222
196
213
2
173
189
38
53
111
210
92
111
141
108
150
186
201
222
20
131
244
137
94
109
42
184
122
241
240
217
203
69
209
122
46
127
24
73
139
147
246
115
199
5
54
31
242
177
228
93
181
140
33
154
57
5
113
97
2
146
12
235
27
63
216
237
224
224
229
12
159
68
252
117
253
169
85
217
78
117
154
25
167
234
7
189
145
148
102
109
237
37
87
130
118
110
43
235
14
147
11
247
161
213
14
46
175
229
254
184
199
73
194
136
165
118
130
235
159
183
253
163
32
161
58
137
238
119
212
129
159
141
124
194
215
144
