707
2020
1164
1388
60
802
1361
1860
1483
1426
1669
2027
1805
578
466
139
893
44
489
1408
321
1399
1650
1612
387
319
1067
1937
1070
1776
1676
130
1146
1062
1861
987
2036
580
1282
308
2
548
1788
1760
1925
936
1618
48
788
99
525
829
316
1667
996
1385
2024
1206
859
1354
1454
1178
1002
957
1466
1539
748
1741
1844
645
53
1735
1
1596
678
1595
1111
1784
391
1749
558
1574
1796
2015
185
42
1119
1408
183
1768
156
1407
1037
1570
2040
1089
99
509
2
605
1230
236
16
1124
710
1655
729
1609
1223
1964
1615
1288
950
441
1535
573
28
77
161
84
1517
624
1647
1079
1140
2022
1638
1268
1614
1650
83
1649
1252
352
1905
980
1132
1852
421
1979
217
655
1262
1137
1126
1326
1097
1960
1941
16
1467
939
532
1838
488
350
2046
1364
1397
417
1875
828
716
865
1124
201
1906
876
1966
1199
2038
305
1143
980
1274
1172
514
1529
12
1441
1053
819
174
726
1418
1713
1599
486
1240
1720
1934
1163
712
567
550
1476
131
1694
808
1780
499
145
1941
243
1933
416
1938
1583
43
358
1494
1218
635
207
854
992
596
144
1576
1816
1642
1401
1814
1185
154
1194
582
1382
1615
467
1712
1567
2014
524
1242
1747
1848
1778
1500
332
1712
2048
1767
195
1109
379
1689
1123
619
673
1780
2
132
692
148
101
1508
419
124
871
1594
1332
1413
1213
1643
860
1083
566
1018
763
1994
503
1388
980
1097
426
832
1754
1500
520
1189
286
381
278
406
1098
1818
369
267
301
629
894
1973
1837
1051
139
1169
361
1937
61
242
214
1835
1940
427
1446
685
556
1507
151
1994
685
1045
686
1236
1518
2034
1101
1784
1192
365
123
2
1129
212
235
194
172
363
329
1841
1571
37
944
765
746
278
1291
792
1831
793
698
85
54
1531
1116
1721
311
1553
1751
692
784
1674
754
931
900
1526
245
2003
721
748
1954
715
957
1988
850
1807
1743
1575
1895
1098
1105
1824
375
9
1024
571
367
1505
1733
482
589
1614
1874
710
1056
1498
1922
1397
1318
1829
510
282
1534
1544
540
1155
1305
996
1914
552
472
251
519
1743
1622
1189
1541
605
817
507
974
804
1545
1225
994
1440
1690
1860
1625
866
11
1221
770
462
510
1281
613
1269
1355
739
1152
179
521
1753
72
1232
718
1786
926
785
1173
1410
334
1222
867
1020
1491
385
958
1407
587
326
1458
1281
652
259
638
1129
193
492
1253
716
382
194
489
587
728
1260
1088
531
500
1087
1487
1365
1175
1355
1329
687
75
268
99
1748
542
1515
986
943
244
420
1690
406
1921
2024
1982
119
352
1861
589
776
648
339
1374
1956
22
923
973
539
508
572
422
1276
1194
2034
622
167
122
301
398
1216
1954
744
667
1593
1639
1419
1826
2009
88
1849
120
1380
1958
1524
253
1478
1209
1482
1949
1898
1462
671
660
759
844
855
848
1209
1644
2004
549
34
1057
1592
1747
1016
530
783
1226
339
121
851
657
1145
412
1498
580
497
927
513
435
1207
1762
1143
37
1442
255
1466
873
292
1305
888
1969
1244
1243
404
1113
953
1944
1745
581
1862
1282
1320
1782
263
1966
1682
1616
1355
1699
1081
1314
1044
175
332
494
1575
1305
613
599
1834
656
614
205
1923
893
648
946
1220
69
728
190
2037
65
1507
642
293
1764
1431
827
1585
1651
481
1715
681
1458
1466
624
858
1081
1123
42
1223
1478
919
1497
2022
253
1449
349
1961
390
1897
1335
1959
49
1154
436
1210
285
970
133
788
1774
1313
1005
1797
351
6
257
386
947
1285
901
1292
1474
674
414
527
1875
1683
1103
231
1266
1700
1312
1817
1457
1434
192
698
329
751
1264
665
809
671
1531
297
947
451
1566
108
411
1512
158
833
2022
1990
341
1669
1231
1144
593
1897
1162
1319
1885
558
619
165
1675
815
201
303
1465
1276
1313
1484
1155
102
760
116
1568
965
1413
647
1327
1236
357
2030
26
1498
1310
1838
1605
701
1810
951
1461
758
354
1746
1674
516
507
1708
834
712
1293
1979
1120
763
1983
319
1629
445
1504
1360
1355
1542
2020
198
458
893
1013
205
1111
1310
157
1529
674
1258
1572
1898
1419
1698
1003
272
1826
1224
1124
1153
1604
894
1785
934
180
1006
1535
1097
1304
1388
1338
1232
320
981
1378
2003
20
1338
827
553
1936
1154
1704
1450
1385
1097
810
305
1941
330
124
797
328
16
1594
1856
376
1682
206
312
889
559
615
906
1538
426
1994
1480
106
975
977
1503
1921
1800
980
1081
929
1852
982
1710
1120
680
223
993
1368
1872
1577
136
972
506
1065
335
410
277
1439
406
1365
1740
903
1655
1422
260
1817
987
537
1718
1191
534
1752
684
190
1448
276
790
1341
366
406
1828
1805
168
97
593
217
107
865
1114
1937
1260
692
1033
1081
934
1229
1421
714
1751
786
1819
19
1306
1857
884
952
620
192
443
1807
48
664
317
912
1107
673
423
836
975
1234
582
966
273
948
1129
1971
346
1601
922
1769
1381
536
1484
370
1527
1520
914
789
1849
1794
1299
730
101
1173
360
1439
1441
61
67
183
113
80
1680
51
1885
846
1972
1689
1693
116
910
828
720
1806
855
947
457
1811
628
75
1
650
1682
1315
1707
1402
426
373
1277
1830
1851
1378
200
459
654
2032
1856
146
57
675
1752
1507
120
1265
267
1724
131
1826
1319
786
1538
952
56
1277
922
1791
1817
736
29
721
1292
1516
344
1785
1571
727
35
1294
664
1216
2024
1669
1958
111
87
96
1952
992
982
1501
1219
665
120
408
1706
1096
1966
1623
1755
2038
669
82
1453
652
1599
2046
399
934
891
1448
519
1227
169
902
1853
1718
1072
765
943
171
866
754
1933
397
1798
1050
855
336
1013
1484
89
1865
1079
247
498
918
997
1964
58
1265
1937
6
1365
579
1030
184
1875
1873
983
370
1265
1192
1756
36
1630
1246
1330
1705
861
21
3
73
1508
1144
98
2001
1325
2000
583
664
1895
1732
374
508
988
1962
1550
2009
149
1529
407
1496
962
773
1528
1623
1328
1870
270
1615
1757
1334
2022
1078
1779
459
2
465
763
49
1387
2028
996
48
1639
1889
248
1065
1939
995
671
1692
397
552
1078
1355
1812
1189
471
281
1065
842
1274
1248
896
602
986
1472
1070
456
1629
71
431
1872
269
1008
168
951
128
694
928
1340
1151
589
222
707
565
1653
544
540
1096
1670
1363
1990
465
1830
805
1118
1043
1133
707
1671
985
269
1622
896
852
1509
1829
765
1863
159
1087
1934
450
555
167
1326
668
634
983
1567
1125
352
1823
1981
640
1468
1414
1793
783
215
189
1839
673
543
611
1405
591
1420
989
1436
937
1914
643
1359
1
1059
187
1778
1389
1588
1344
890
337
342
1848
1540
817
1824
737
1002
1931
558
1624
417
192
1375
1981
1142
1620
331
1305
910
536
1663
1504
1257
258
1438
1577
161
1276
955
877
525
1613
1864
625
632
823
807
374
1833
363
239
248
1821
1623
245
153
1609
1433
1718
1379
669
442
1869
1731
910
1366
32
391
264
1587
1817
911
819
283
1910
427
1373
802
1268
1864
1121
551
2032
1755
771
982
969
810
1210
1242
943
1610
982
1287
531
121
431
901
959
265
1158
1485
1911
1866
1216
1520
1689
888
989
236
1622
1321
1933
951
1363
147
1984
1864
85
1947
842
1933
1142
494
1050
627
1314
1626
1318
1986
911
606
1163
1705
160
1363
1711
1247
1508
1674
433
1570
141
1795
1412
517
1889
1093
1507
1185
487
1109
436
919
670
1875
991
290
997
61
1274
34
2032
84
836
1302
255
600
1912
1248
495
236
1013
1053
1659
1400
13
756
335
1716
344
1304
73
1156
1821
1168
232
1402
533
1441
330
562
724
356
709
71
1892
824
2035
1576
782
77
136
1
288
572
1080
1210
426
223
999
1552
203
386
1492
1261
477
648
10
328
1588
676
389
906
1565
54
404
851
1058
610
154
306
129
1779
363
1352
553
556
20
1212
1289
941
1563
657
819
957
995
772
2047
93
96
556
1394
468
1861
290
1212
778
397
1875
341
1415
1271
1596
588
419
1508
1007
204
1590
245
1688
1046
1122
389
215
1929
797
441
595
1117
1420
1146
408
1823
158
82
1781
1411
114
377
934
1981
172
1420
1132
1354
849
857
807
1791
1425
1585
848
703
1861
1732
531
673
2025
453
1056
1130
1945
158
309
1069
1293
1418
1272
67
1535
1425
1468
1396
359
340
1429
594
952
1209
327
907
710
1211
1992
341
126
1484
1530
1840
467
341
1377
675
1778
813
1006
1501
1710
587
835
1925
943
321
363
1668
1114
549
1230
1663
1928
1754
941
1999
14
1475
531
672
1869
1558
634
1014
1412
1708
1783
424
868
495
1460
1941
1909
1868
372
2028
2015
711
268
1447
970
384
337
1559
536
948
1906
679
1477
705
1022
404
953
703
1344
1041
1326
390
1068
1023
1038
73
1556
2014
177
1233
1391
322
1986
1229
352
305
807
451
414
1574
1186
144
1761
1152
1758
735
1772
687
724
1671
764
1405
27
507
897
1143
1769
604
405
1159
8
77
1358
1324
106
470
1341
27
946
1991
748
182
1803
791
1970
147
1887
1487
1267
1280
1407
960
118
434
1366
468
1473
830
970
261
1493
1528
115
372
173
1920
1099
1447
1282
835
1561
227
220
1974
1582
329
1558
1859
233
13
839
1750
1465
1056
359
1142
1358
1089
1877
920
1781
722
1146
1445
845
673
1332
1100
341
134
1497
1729
1318
344
379
647
943
99
130
1451
323
1154
489
536
1655
1146
279
1227
1670
2044
2030
1601
1846
1488
222
939
1377
190
619
1919
903
109
1203
1913
1394
1832
389
561
859
1700
73
1612
1780
1938
1181
1090
512
102
199
1039
330
1995
1127
1140
898
1614
1172
1941
1029
1659
211
572
26
1060
287
197
1568
1357
1268
63
519
1026
761
1768
2010
1942
302
1550
724
457
2022
1854
1653
1400
1789
1946
1054
1661
1697
79
1597
1789
81
470
1317
1081
984
1613
1698
869
2007
1090
516
1472
131
1928
1494
1719
1778
1728
798
73
517
1630
1332
804
457
427
847
771
397
1847
1504
1012
466
1137
464
1520
1317
1545
1411
1462
878
1027
270
242
556
1695
1398
565
925
1822
1702
1191
1688
1555
979
1802
1917
548
407
108
1077
602
1231
780
70
1870
787
1036
1790
1640
1082
424
914
594
968
2020
1598
1632
681
790
344
17
849
1030
1670
1883
1949
1446
1652
952
368
1418
357
479
555
1753
1238
701
245
391
1783
1185
1033
672
99
134
709
1645
1168
1846
1923
1083
544
233
1066
1811
881
368
1971
1607
510
1692
1687
1718
571
1167
918
1820
623
1977
86
566
1017
1830
2012
836
59
1699
1299
296
1989
873
250
481
1137
331
750
280
1237
473
1783
1540
1538
900
1245
1541
1877
1937
1667
1141
1159
811
1349
1354
955
74
1849
1829
1521
1571
1100
916
1886
2019
1467
1668
1331
715
1058
764
1766
1685
254
1311
214
831
