757
14136
3425
13491
5547
15457
15119
13887
14022
4928
12869
2783
5880
1993
674
4177
8590
11152
3358
7693
7087
457
8528
6728
1600
11748
11961
12887
7492
8758
4275
4792
350
6063
7523
3948
3432
7813
5283
15393
866
7470
4663
11510
2929
2137
10208
8717
14532
12629
8518
9147
3647
13159
6101
4692
9667
9140
11071
1960
15854
14205
6322
15007
13086
6996
11487
15659
4316
563
6564
7531
12790
12606
6147
1202
2418
5324
8577
12123
14373
4943
7076
6497
11866
15717
16090
9413
9069
10153
7113
7263
1210
6041
6873
2248
4326
8968
6105
7290
13350
10072
1290
8854
10018
10223
7537
6695
3611
12721
5783
13006
13475
4735
10056
12837
14026
4611
5667
12862
6452
3239
11115
7561
8990
11995
4612
13437
14287
10261
8573
13321
2032
8347
13593
9300
2008
1833
12625
5596
12401
5343
11039
15645
1903
5127
973
5324
15829
15433
15335
11147
3515
9376
7018
8270
4206
7499
6505
8641
2840
13420
10092
7912
2665
15687
13108
9662
9770
4176
13401
16227
15977
12844
14951
13984
6100
12042
11715
9881
12389
6544
7106
5226
11586
14401
6452
13087
5400
9996
4636
16242
11810
11821
1876
7706
13455
14966
4607
10175
3668
2457
12356
2348
15941
14186
12220
531
3415
7635
2406
2939
14703
10830
1006
4000
13012
2535
7850
3122
2581
9199
14041
5801
13994
5731
5818
12111
948
7037
428
5572
5128
8855
2358
2465
13345
6049
7499
8338
2577
12849
12170
15210
13712
6687
193
5184
8625
978
15516
13624
11420
3665
15884
11093
14155
6924
3341
2294
7998
2449
15004
11182
16382
5137
10587
376
3021
1417
12624
14040
3402
11552
15564
3353
4859
7952
7773
11329
12026
12695
12169
5202
9753
4404
10777
3611
566
7259
16374
7035
15026
6841
7734
13563
15805
6935
1735
3913
1759
15685
10620
5051
7770
6568
773
5587
15766
4137
12464
7239
15264
9425
7841
12872
10338
13723
10214
16244
1071
1333
4584
14291
5105
8179
11772
1336
10667
12110
9110
12394
3848
15711
9371
6126
8131
2816
15608
16037
14177
4922
424
5297
16015
9495
9478
7679
15912
3875
7075
1037
6091
5882
13044
15166
11716
6817
14567
2478
8021
5257
10319
12031
3241
3838
12929
7936
10892
7665
9285
11973
15643
481
1456
3055
16154
2858
1355
3378
12208
2015
15313
2659
12524
2183
5075
8274
9881
14642
7933
5202
10239
10135
14465
7508
8614
15718
560
2455
4576
7544
2455
11066
5926
9688
13921
8712
16296
10093
10036
6757
7108
11121
6797
421
125
6257
11070
5437
2959
15117
2862
16371
10608
1623
8614
15988
10364
7343
3649
2286
12009
10922
3861
3005
13997
11393
13186
11627
14499
5008
16314
30
9449
4454
15637
464
12399
12947
11640
14160
1973
7102
868
3493
13565
13067
1092
15358
6038
16320
10123
2971
5359
2002
9491
9446
16133
12713
2621
4353
928
3979
838
12634
4819
1742
8598
9483
6134
2246
5666
5059
3985
9564
12006
7031
5846
4843
5964
2363
10462
15754
15888
11139
3505
9946
10499
1934
6997
413
664
15223
5837
2507
568
12100
2074
5913
4909
12877
2052
16106
9291
3513
10468
2615
13033
5210
1429
10229
9657
4982
9623
9604
2079
15649
15874
6890
1701
13687
121
12907
4909
12238
12449
12965
4002
15406
11310
5170
11320
14643
4101
2598
10431
2445
11949
9665
1386
14676
4615
9730
9844
8083
13932
865
10179
8192
4776
3400
15224
11059
15142
13427
6948
14125
5060
15113
4682
3009
10637
15831
9943
16166
6880
9068
1692
15698
12656
1208
5705
9196
14138
792
3699
13537
6089
4625
11877
12411
5495
5505
7272
8010
10831
14893
618
7144
13116
7798
8174
4219
8244
10292
7097
7602
1069
11577
1563
1694
5050
5267
11934
8666
10954
8956
15640
13625
4716
15860
7866
15035
2734
5316
15811
5793
1484
5943
8234
3542
11997
6189
702
1633
11353
447
3874
12844
1463
11417
6567
9613
740
6698
9813
2550
3435
15875
8916
586
6204
5724
3307
3829
13970
13451
7525
11807
4409
13982
1925
4059
16369
9118
2338
6903
8536
6226
11319
16012
7479
13675
13611
15629
11288
4000
4099
10852
7099
9000
519
4153
9564
3650
15608
5867
11084
10362
12075
14740
6942
2153
6797
3768
13866
10273
16313
4726
6383
15749
3714
7051
2636
10721
6051
14427
3479
2449
15107
12293
16199
13660
10782
1393
1408
11331
8039
3239
16134
4993
11172
6115
10326
1632
888
281
9416
12261
13720
2626
13998
10824
14781
7172
1216
11587
9964
13780
1084
889
11209
10021
8158
1049
3318
1982
7553
2520
3114
12925
2628
12354
255
7265
11182
12318
13344
12517
8201
2597
10956
14497
16302
446
8155
402
2813
10740
15828
5878
13632
13151
10879
13673
5404
7989
3708
5791
6451
470
7110
11333
3717
7343
1598
11653
10700
7765
2997
3529
10966
14485
2332
2483
9858
4954
5456
8813
10444
2735
3180
5541
13376
1219
2011
11515
6193
1524
11918
4832
7545
11811
16062
6623
9503
10480
4261
14533
10581
3416
696
10508
13488
2077
1795
14759
11120
15412
5014
8330
5716
1809
10903
16054
1409
6852
14391
6400
5622
4442
11547
4977
7830
5298
13114
4845
5718
2437
2923
7108
3920
16109
15670
15000
2009
13507
5370
3120
12513
1960
10749
4601
3922
9044
15581
12722
7285
14731
9455
9021
309
14782
2177
10103
15049
9150
14577
9171
14529
3238
12714
8885
1994
4943
9019
3916
1987
14565
13552
319
9243
12081
15533
14979
666
856
2936
1502
13950
14073
5104
13068
1331
6046
13874
9643
14618
7494
9038
11256
14559
13031
2705
15361
6843
14718
8080
136
8126
10148
7185
9975
6703
6526
12783
13961
14799
12511
11174
13443
12787
4752
1434
9609
14467
16304
13715
10471
3185
4548
10717
15680
10487
2845
2004
303
3370
5829
9390
5374
481
12957
16065
10467
306
14548
11708
14115
6500
13591
6971
10352
358
5273
10449
16127
12301
6706
7449
6663
15084
2602
5873
7373
14646
12668
9817
13579
11925
1418
6142
10943
5687
15064
9953
15471
1457
10402
15227
12158
6357
9558
11887
4804
6950
5270
1372
13721
4702
5506
431
9973
2421
284
13452
1277
14343
4606
12591
5897
12944
2899
840
2699
14896
3324
13389
2718
3172
10846
1555
4985
4902
798
12273
9463
1287
1767
15480
13646
2863
5101
6226
1798
2959
2924
6025
2219
15028
3584
1720
11250
13996
9750
11381
1116
12361
10432
10140
14077
8227
8611
15918
1927
3996
3940
4918
4120
7266
12727
16307
15632
16187
13505
12790
11409
14196
4048
10501
14248
3648
9516
31
7106
5277
4286
13183
13624
8183
13215
5924
9182
13338
12164
3780
8649
8894
12556
6408
10588
14942
10534
7686
13629
8258
6306
12704
960
7777
11746
3589
9343
4227
402
6917
1238
8349
7929
5810
5694
1498
14025
11829
5068
6722
3373
16355
7283
1934
3760
1627
5090
5232
12978
1833
8009
347
281
7373
7853
10547
13397
3423
11119
4489
1813
1394
9295
13328
4161
15643
13559
13348
2135
5792
2115
3596
1467
10165
6498
4361
15263
3416
4021
14628
12261
9521
16050
2942
11116
9744
11954
14643
1654
5095
6831
7468
1542
11270
13240
9321
14888
10058
13535
839
16317
11377
15780
13153
12119
2508
5889
5086
6180
2226
3611
2334
12346
11363
6953
12883
1707
4593
11014
3378
4321
14032
7142
3315
12550
10857
7152
1616
10721
9796
14905
4833
5501
7157
9328
10700
910
1195
13927
10353
1285
10548
11028
3170
2638
339
15366
2364
9475
5648
1167
2774
11645
5210
16110
556
13873
15871
7498
7427
7435
14525
7706
15083
3607
2550
14264
5111
14064
11657
12976
9490
2630
13715
11299
979
7239
5430
15599
6305
2134
4739
1786
3125
5816
12986
1490
10313
7029
6865
3323
5630
12732
11922
3001
3363
4159
9791
4314
13145
12264
14945
10659
12413
4397
15484
9301
5886
4987
6269
7120
4992
10758
1401
1809
4520
2560
15679
4619
8063
15935
709
1981
12510
11722
12929
9984
1721
1612
2139
6259
14383
15574
6707
5515
3220
4482
6376
7561
15898
7012
9135
8194
3383
7693
6426
15955
14300
14718
16320
4862
12190
5716
16140
14770
13189
15704
6687
7252
4667
10992
13974
13464
9646
10602
7059
6233
14688
4629
10411
9972
2126
5057
13953
15036
3985
12622
11172
13257
4651
11535
62
5565
9009
7165
7118
7058
2688
2206
7188
14762
14788
8482
14139
5195
10871
4927
365
14336
4166
7292
5442
10470
7732
11781
11564
195
12562
8997
12753
4636
2349
12931
5842
5637
10972
12642
1571
1291
13739
245
3219
12497
10597
14169
3097
14388
3408
7604
9744
11284
14219
1050
3816
7638
8354
4609
3080
7509
2948
6719
4980
2797
7567
15633
9172
12410
10483
12080
11324
13419
8467
1312
16
8963
8659
13818
14400
6290
3603
9483
3189
7338
3597
8287
6626
4259
937
10703
356
7772
12996
13477
8795
10091
12070
5144
1089
5671
1371
13433
16345
11142
2592
15578
13370
5556
15189
6411
12291
2169
6885
4285
16329
12916
12093
6731
3604
30
1500
13563
15775
14809
3020
4886
2925
9770
10308
12565
9318
8512
10660
6619
15092
475
4337
2971
7988
12446
6384
5413
4919
13890
14761
9496
8500
6179
12130
11567
10446
1999
9174
750
382
11410
9221
16276
8719
1591
11598
11486
4297
11034
1383
10207
1719
3068
5644
15016
1294
9489
11215
1962
4535
10565
1465
13339
994
3331
12304
15028
4318
11771
10235
13465
711
4612
10444
3898
9663
8051
12428
7198
9551
876
15076
12442
9384
14389
1079
14939
13178
7809
9975
12849
6687
7376
8661
3468
14157
10456
11495
4632
11487
14062
13951
9569
1818
5520
8006
8013
8698
10277
2626
15121
15015
10449
5081
11414
14878
110
9892
6826
970
7254
814
8513
13009
6234
15961
3672
8131
12544
8333
2739
11214
7546
13738
6981
5383
7399
15463
3469
2136
2002
13573
2170
12785
8835
7845
15083
7660
4442
11091
6906
804
5369
13098
7738
7478
9468
5045
12074
15663
7888
8687
4540
8147
4294
12894
7758
7015
3005
15679
3018
9455
5974
3659
12256
16038
7001
5024
9387
2134
1750
12726
12578
8443
545
10235
3216
9017
41
12572
12867
35
14131
6584
2886
2905
5968
8406
5940
12024
179
8075
11960
3315
11831
15170
8970
3779
7688
8891
894
1344
7568
1430
10167
971
13927
1467
4665
12046
11169
16253
4253
3360
4998
12307
9863
90
14133
6578
5454
15920
11145
6782
6139
10134
7485
4582
694
12592
4766
2391
11144
2207
14835
9785
13211
9229
7181
10360
11104
3374
15016
6324
1595
3615
15290
4772
1368
12785
948
13110
7095
7002
7306
14283
7041
12585
13896
9810
13975
6758
7494
4200
14473
1320
9289
14787
8384
3442
15635
6496
2390
14490
15489
4867
7629
12885
12721
12996
5883
6185
12281
5841
5567
15596
11580
11512
14
6269
360
7258
5262
10076
15937
4815
7746
9537
6689
3295
13881
9820
13441
5170
7371
4441
9247
8385
7044
15428
3548
7168
1559
1552
1827
13025
4750
5153
8783
5348
15125
5761
16177
7511
14114
16045
4903
11251
7189
1588
5368
16031
12673
7573
10488
15588
11062
7486
3357
9299
10030
15868
3354
724
6658
4614
10632
10424
10261
6608
9929
10649
1988
8231
6229
4677
9025
12290
6501
11940
13290
5531
9760
14499
14601
7751
12417
9619
3987
13023
15862
6239
5522
9125
12245
11176
11071
12366
12093
5853
7476
12677
119
7765
14685
4735
6773
529
7474
12726
4605
1073
1104
12565
2020
4992
9724
10807
15769
1201
1613
12000
1916
11325
12554
11339
2662
2572
2881
8157
4059
8087
15144
731
7578
14807
10433
14620
8767
13360
3287
7366
9858
5067
9694
10291
1005
1885
1361
14908
13697
15214
9330
4972
8587
13491
8542
12515
9899
14390
16237
2414
12168
2988
9778
10514
7128
4331
7498
3763
4798
14193
4388
1779
12121
4634
11225
171
3822
2272
12304
1270
4044
3175
6698
12792
9474
4324
4828
6549
5868
9915
12128
12494
12605
10600
7556
6378
10342
314
4313
6140
14834
11544
8921
6957
15155
6433
10261
7368
14728
12876
6880
3017
7983
8850
8293
16197
763
9091
15540
8517
6648
9360
9837
6255
11851
2016
621
7354
6522
3154
12074
14543
682
14377
9853
4156
14291
10325
4630
9239
5742
6377
15566
3605
9102
2154
12749
12703
6460
78
9877
1881
12418
8003
2146
14137
13090
11896
1725
1737
8441
13046
12388
9098
5014
12548
3482
7592
7173
11518
12661
3679
13774
11945
11613
685
1353
12122
12031
2396
1014
11709
3458
4036
961
15225
6538
8347
8535
12455
8823
14820
14438
12454
12016
685
15264
15672
10040
3809
13026
13005
11135
12489
5623
4106
6601
14226
6608
10094
3571
9119
3251
6904
2035
12621
15693
9644
14832
16087
5869
15867
12471
10299
9740
14194
6280
15551
2945
11156
16274
5289
10314
7360
5149
11606
10561
7738
12696
14313
4458
10043
13497
14168
5777
10765
2345
4634
12351
15139
13280
16279
15066
3678
5086
10360
15220
3072
6796
12905
15515
13440
12055
13497
13991
1594
8688
9359
4400
1408
10849
6197
11849
1036
8037
7301
10168
11874
9166
12916
13200
11059
15788
4799
3787
2715
254
278
11535
8670
10642
5851
1289
16015
14498
14254
5606
11361
9658
2418
11997
4060
15066
2253
9431
14931
12612
15790
12304
16235
11212
9685
3509
12475
3756
7030
9774
4386
4736
2552
8994
6155
1080
619
14589
1875
5875
13616
3005
16314
9466
14247
10397
9198
11548
3739
1349
9808
4428
5038
11576
16286
5994
14891
4480
988
10113
13183
8824
14090
531
1094
9211
13763
4412
8051
6482
4211
6509
7767
15649
15875
14292
11247
1254
4120
10293
522
3671
3328
12755
2986
3003
14250
16290
11621
3132
9211
11672
8388
5290
9562
10708
2181
14171
1934
14535
4471
12129
12545
12301
9818
8460
13399
2608
16081
14966
486
4334
13387
2422
5448
9086
14170
9609
9701
8132
4409
9487
6652
14830
7464
9240
12940
11450
10986
8997
15500
6405
13952
5660
11017
1701
10608
13430
2433
8222
401
5561
2480
8661
6850
4092
4454
4979
10114
15787
8713
13381
15662
3476
4795
15120
4249
6768
6224
9792
13817
8526
9217
13813
8897
4195
9579
3930
12800
3990
12448
15737
7515
4976
2686
6794
8390
6594
14487
5326
4281
6460
13603
6373
12001
9150
12752
2654
7518
13569
9615
334
7001
12041
11040
1149
13939
3225
10734
7257
15363
15459
9215
4297
5300
4249
13872
9803
16278
13556
12552
5459
6757
5533
1478
1536
14483
9461
15489
5263
7849
6976
3255
5733
15087
5433
15131
12474
11770
13691
1940
10456
5811
11851
2099
354
1840
12178
13790
6584
15507
1815
2560
7519
14335
7150
14470
3377
7662
4721
15625
13681
14696
6799
11829
12556
8247
2589
5995
16277
3137
12342
14636
12617
1131
15162
6010
206
5979
4740
7807
10213
11705
14173
1617
15130
11406
4544
9383
13603
16142
9950
15886
9967
8020
1861
16195
7284
5594
3134
7265
11156
16223
10178
12332
15067
14554
13779
13649
16234
4847
2820
4559
11934
9301
8756
5885
14575
6254
10003
15635
5302
12745
15670
15967
9039
9282
8946
11495
5992
12168
5792
15856
7408
8052
1393
9152
10802
5472
2289
2647
9287
15681
7934
11118
14840
7679
13841
9769
16181
12622
8580
3472
3408
10552
2277
15601
6843
1461
10214
6967
3959
10767
3630
9913
7392
10188
14028
1060
2399
962
13411
2153
10323
7156
731
6732
7956
7123
6529
4680
299
1133
1227
11315
1150
2946
16159
15643
7163
1195
6652
8418
859
440
2154
5977
9267
2621
8357
12851
7455
3849
2799
14072
13493
9704
10470
1606
3633
16362
14967
14723
5413
8994
14445
16146
15562
5599
4488
8981
4222
12722
15513
7921
11431
7897
2908
9717
9504
15563
8048
6975
10580
6832
4491
10157
9333
13419
1521
8723
15345
4369
9946
13678
6144
6547
2738
13888
11740
12006
6667
2224
11163
2870
3575
5324
4273
14515
9919
15879
12374
8579
13530
6436
1214
6154
8160
13122
2392
5802
11073
2398
487
1217
3668
9964
15315
4031
12511
6649
15307
1810
6141
10837
11538
3599
10157
4224
6330
3719
1646
105
5459
10402
669
13981
7157
6638
8710
7840
5130
10080
5550
2867
5727
12121
3424
12898
8677
13497
9387
3355
11711
10124
7800
3138
5840
6231
9327
6976
4444
5871
7704
9122
7666
3312
12953
14298
935
9881
7044
2105
16250
1224
4621
162
15210
14999
8602
3101
8155
5159
16115
9180
971
3891
5118
14342
13808
15992
11038
558
12594
1403
3625
13430
1344
2661
11304
1873
14863
10205
2956
15783
8065
2765
5848
4000
1320
590
10059
13575
4145
13832
12213
11961
3074
15845
9044
12860
7938
12922
16133
7006
1731
1666
8699
5803
2448
12039
14008
9942
14259
6535
4732
6535
12993
12155
13073
14893
5970
14178
57
1930
3555
10416
13123
6576
5847
3591
15777
2187
15748
7575
13670
10007
11694
4415
1860
9758
14794
9736
10652
1260
12122
5638
14493
2454
6092
8622
12905
6587
14855
10492
949
13508
15209
5388
9402
16305
10936
15438
3533
6110
5808
3083
12350
11612
11025
12330
7876
6152
7678
7468
2346
5726
7499
8534
13855
7438
1409
2564
5803
9937
9681
5127
6124
4592
13538
15647
3514
4692
5857
15813
15648
10981
8055
2849
15947
14256
4409
8079
1591
15504
6970
9320
12555
5136
1475
4647
7256
15170
9906
3597
1627
11500
9974
6375
5233
5652
3470
1220
4957
13775
1408
1052
10527
4301
1476
6538
84
1817
2695
8806
15229
150
12953
10174
11219
15635
692
14661
68
8828
14598
13755
4258
2730
14336
14191
3598
10219
14457
9391
8297
12583
11530
4135
10925
3137
3329
2535
13230
9826
11166
11628
14605
4028
15255
9059
6108
15614
189
10052
1604
3860
3868
4883
9845
7722
13187
12572
11221
7188
15474
10157
11468
4773
214
12976
3687
15010
7643
14237
515
14502
11466
2174
11172
14009
14754
12829
14676
5757
2917
12387
12057
10966
5611
3103
10486
15793
15665
12687
9575
895
4924
4646
592
10382
248
7033
7746
5001
10557
11748
13916
9231
10928
1580
8496
9696
11503
5604
6557
12841
2195
3769
1574
9364
15720
10011
11554
7311
539
7489
2700
10773
5122
5081
7824
11797
2397
5767
7278
8317
16029
8474
14175
14557
3635
12696
4355
13294
16010
6850
5083
12699
848
668
4333
4107
9318
14568
5295
15429
12354
9856
13307
9643
2310
9187
4657
3216
36
6059
3952
3317
13684
6736
9952
13482
15266
4746
7485
280
10155
13299
11987
9922
9655
4425
8142
11770
10168
5565
7227
2535
1372
2212
15721
5418
4249
9977
15706
4330
822
13383
16257
11921
2569
13598
1694
493
10529
10184
11646
6743
13382
13129
9207
3957
569
460
8195
15490
13464
9237
16044
1987
5349
2441
10459
12283
10568
16367
2404
13660
13607
11101
1326
9625
3439
4015
593
5058
15444
14260
722
15602
222
15046
13256
13643
3089
14379
3812
12225
15938
12770
3547
9025
9572
8522
2865
1465
2386
10866
16343
8031
2379
7120
2360
13752
2247
3351
16106
15851
3912
5917
9442
6734
5017
2180
10083
4524
7938
3788
11873
12973
14046
11259
8310
5902
1273
10292
8695
3606
8536
13
7839
12767
12050
2292
5549
14071
13254
2526
3873
10518
15521
1629
2142
15353
12435
15568
8030
5671
13905
3615
6848
4148
11166
6097
13611
14716
13604
11012
12913
10508
10835
1895
2432
5044
15522
3406
6221
16127
7796
8919
11571
866
4864
1201
3763
10228
2413
14988
4058
14600
13052
8837
8608
9365
9249
12122
11021
5927
3539
1371
4588
12107
7874
11720
14542
2642
14515
7078
13860
8846
11825
11817
6640
3363
4018
14799
16113
9542
10274
465
2524
9768
4411
12411
14899
14079
9497
16196
12088
14811
14251
8825
14154
13024
16162
2769
1380
2239
9129
11847
4201
12090
3575
1702
252
8676
151
5567
6145
193
13594
9423
12771
13320
11573
9983
16062
7021
13863
10085
16314
15287
7570
1078
13779
4135
409
3718
12764
4809
8175
1164
6815
15721
12763
2389
601
7601
11597
1781
7181
12820
14458
14057
959
15647
14077
12347
1880
15553
2821
7536
9147
1682
13691
12345
322
12021
3313
14727
4352
5241
6542
3754
8691
14993
3535
9547
300
16024
10141
9897
13619
276
14011
5663
934
15732
13772
8302
1514
12066
12256
4571
14559
8096
110
9073
6932
5122
7876
16278
10632
3526
3340
10163
9686
2993
8106
7604
6084
8811
8995
15217
4980
2890
2165
11939
15500
5231
14971
786
872
10903
6405
5916
13808
8023
8661
11213
2325
8860
15601
13396
14091
12941
3461
15843
8674
10257
11362
7718
4319
203
13370
12819
9181
2498
3452
6341
11192
2798
8510
9799
7767
3559
13754
11024
709
13713
11783
2102
13618
11918
4689
8769
10293
7876
10756
2344
10484
3132
4246
306
1589
358
5669
11432
252
14097
6951
12553
14748
15771
670
1146
10886
2482
9827
688
1380
6643
4110
11975
5765
15949
5794
11266
14915
16109
4639
12265
12685
9533
1101
10550
1079
3712
6266
2026
15497
13737
1516
2704
8172
2942
13238
11341
4622
5069
13803
14336
1133
2193
9911
6466
929
7528
8643
6106
4533
3276
6609
14861
13166
5148
12792
2921
4892
950
5070
14036
8793
5728
9773
7090
7409
10452
13737
1729
6032
737
13915
14913
16065
10961
14552
14288
3623
7984
2591
9583
12356
93
15511
12873
13945
10651
183
3376
1318
6402
1437
5240
5258
7998
14412
1252
5156
13859
13408
7072
6583
12872
8392
8287
6243
3217
8415
10737
1934
12713
11876
3531
10269
5381
16324
5541
13007
14898
12759
5035
10791
10751
13175
3094
8434
12939
14334
4563
15362
15245
13443
13344
14320
3623
6253
15780
15524
15756
3992
7610
3895
8369
2674
3481
11347
775
5156
12609
8748
10826
12700
9611
2119
14703
13672
14197
12239
13850
5853
5321
14625
10342
4277
15313
14448
10186
12562
6311
5512
16125
1595
13646
2487
10611
14226
6570
7832
3390
5838
3685
8841
4795
15163
16154
14862
4352
1957
4991
11185
6871
11835
15437
1675
14089
9739
16323
3947
12870
6317
9343
14443
7556
10163
4754
8551
15887
14308
7601
14896
776
4422
3268
2554
7561
12323
14483
4519
7502
885
11029
686
9362
3124
768
2896
5353
4044
11246
10138
1869
1092
7213
10216
5963
302
10537
12340
6535
11540
9542
15405
5764
6355
2822
3016
15072
635
7856
8551
9769
8028
6185
8398
4617
15360
6593
15712
12010
4711
9949
3058
5202
18
8277
2817
11881
10720
13994
12973
1004
6731
3879
10467
9984
11546
15763
3798
3664
4840
7544
2454
794
5763
15127
952
1341
10631
11277
12702
499
5550
11156
4776
4066
743
14122
14724
1930
6677
286
9294
9932
4451
10936
3740
8113
13818
5013
5435
13385
8590
7508
11123
11302
5993
2111
1956
3060
49
7837
14651
4034
3666
442
10607
5952
9417
3741
15796
13518
6517
15280
9492
4573
11097
8129
9617
2725
166
2631
5411
16346
12881
12891
8571
1749
6598
3033
3463
10381
9468
10313
11335
6148
13983
13311
8947
5189
6364
8400
11050
3316
9365
12716
2120
4073
11264
113
11554
14330
7166
3709
8940
4267
1114
15848
7409
3954
15290
1042
6784
15113
11212
9514
396
13733
13937
9417
9626
2935
2688
6856
11010
11960
10682
6070
11406
11259
12529
9633
9800
6480
13355
3175
3205
8505
15578
8804
2208
16022
1590
12644
4236
10840
10238
1013
5027
103
6773
8473
7044
12906
15796
9561
7485
4221
15596
9026
15668
1741
3009
13646
2897
12672
3451
3487
1547
11605
9480
10586
4330
2790
14503
15657
8303
11753
14394
11682
13129
4789
15006
4531
965
11868
4794
12379
12136
15406
9016
2124
15553
7281
10098
13151
9425
14478
15991
1393
1964
4321
7016
15307
12548
10012
15328
5757
5348
5999
11655
1862
9978
5051
12259
10889
1257
6927
3321
8214
2184
5987
5442
15696
14529
6722
6436
15523
7132
5088
2369
11103
15551
16071
6220
3253
9605
7241
7237
9550
5903
15604
11677
11834
14272
9653
14648
14436
8366
14824
15647
15608
10806
6088
6408
9606
1752
9485
15369
3091
10622
689
13360
1007
9257
12349
9623
5613
9257
8283
11062
13240
3109
8997
12406
3702
11090
6282
12235
11465
10501
10571
11908
1408
9999
958
4853
342
11020
12158
14488
10832
875
7877
419
14257
502
11324
10686
1836
14550
2272
10168
11679
11361
2010
14625
13110
2916
152
10873
2082
5710
1077
14282
626
3672
8002
11813
1300
1877
208
5888
10086
9724
4446
10023
6279
573
1855
9740
1885
10214
14860
3680
5764
13102
11496
10711
12759
6720
4563
12431
556
7899
2589
3781
15687
11489
9488
15344
13813
13421
2995
15575
16075
7012
7282
9158
13614
11575
15165
2083
10288
13739
12797
12414
5536
2198
809
4939
3832
5277
7953
7103
4248
12201
12044
16280
14555
815
11272
10936
11595
9181
13695
13841
1442
8228
6174
5546
6919
3239
14314
11970
11245
13111
4160
12936
14396
1013
5579
7997
15838
8373
7585
2398
11257
9827
13310
10012
3170
4321
6357
13298
8701
11084
11676
10542
824
1219
1114
12018
9759
8815
2863
450
15742
12385
14739
4548
2632
10210
5597
13900
6670
2716
3362
15070
13032
11422
10105
4221
148
5465
15307
8559
6205
6413
13618
5810
5062
11463
3823
10705
16249
4213
488
15710
15046
13068
14316
4401
9528
14174
9754
265
15158
11732
9109
1415
2929
5208
11888
5667
3873
9629
15122
2535
6018
12781
14097
977
13682
2789
11690
7138
10643
4545
8420
4273
12590
5038
14015
11699
5397
1095
1780
9292
837
11303
7600
12660
8888
5560
13656
9679
9310
14213
10506
9413
1728
14405
4067
12391
8079
14976
11474
2253
15154
9431
5658
12155
11380
7960
15230
14718
13277
5890
742
6337
1745
4539
4982
10185
10982
3594
10637
2048
826
539
9962
5425
3812
7234
9876
14376
1053
5721
4571
5140
10344
1882
556
14116
14274
7543
14944
16064
6935
3948
15097
15807
12213
1641
12556
4146
14153
8190
6887
2711
11115
4933
13225
3160
9094
13691
13568
16146
7052
11399
12893
12859
14815
8938
14882
1789
12534
7843
10087
2442
2989
7942
13208
1881
14837
11351
13255
15774
5832
5417
9626
11958
8670
15016
1828
8956
4584
9657
8417
2339
6841
12208
8005
14617
4705
2878
8548
11202
3641
11165
9120
14589
11268
15463
406
10162
10968
3014
2954
2611
3200
8385
1107
14820
15210
10710
6526
2615
13864
1291
1273
7492
13104
1405
1098
12149
8860
11657
15354
15966
13774
15708
9903
14260
15445
12263
14208
5003
8782
11316
81
658
1717
9115
10900
2673
2496
10667
14023
13196
14016
14095
2689
4998
15789
4687
7079
15330
11058
4374
6406
5615
2079
6349
1162
15211
8518
6544
13092
539
9873
15015
15373
72
13304
4461
1869
3863
2715
1275
16096
4144
9784
2437
13011
11915
11996
8763
5639
4827
11516
2339
13697
11523
15378
12321
12165
11248
9408
4171
11109
2079
2559
7501
6325
5008
5772
5960
4032
476
14640
2162
12704
1937
11041
15389
12631
8253
13915
3899
5824
1048
10131
14340
14136
6689
11672
10575
5780
4422
3339
14929
7741
11819
2883
5195
4761
7240
13844
9051
12949
1590
8670
14275
10040
1315
3663
4481
13747
6593
10230
1192
9285
1837
1564
897
8202
15238
15997
10714
16334
10518
10789
16083
16149
8769
4015
2010
16124
12847
3959
11757
4926
2668
6178
6149
5336
15726
3920
2473
1587
1703
3886
16366
11482
10083
6734
6770
6495
13868
10615
2009
16179
853
14680
12531
1352
9373
6111
9112
9953
15456
8972
9118
11661
3130
11970
12128
15762
2642
7970
9576
2677
4960
3315
11907
16266
11987
1464
11167
14316
10250
10107
62
10675
1587
16151
5096
15094
4047
3738
7969
9767
6153
257
4327
406
8370
4674
6641
12161
16021
8497
4921
9820
7916
8107
2337
6491
12479
12623
11743
6059
11670
1865
4701
9325
14656
14100
6259
11275
7173
4594
5096
11993
11879
13314
11989
10183
8032
9620
5107
11564
4269
4747
9549
1333
14288
13676
3127
9920
4911
13106
6518
12311
6793
5950
8365
12342
14299
14999
13196
5523
15783
5795
73
4289
6658
10787
12554
11593
4267
262
6432
9001
15564
14171
12509
13608
1094
10368
11683
6484
14282
692
12980
170
1506
358
14040
4449
10969
15643
11855
13629
16162
1463
6112
9539
15143
15369
13562
6296
16249
13172
14685
2564
15911
11935
14005
13027
13748
1576
12199
12742
9200
6824
1489
13723
2342
14794
5369
13245
10611
16162
3883
6448
13820
13411
291
16235
7073
12883
12907
13922
3600
9656
671
5220
16260
3107
13572
1414
10073
16278
12578
7700
2070
10721
13327
9432
4837
7938
8230
10976
8559
5967
15444
4114
13097
5672
8246
68
436
10560
3378
3747
11834
94
8209
2413
8962
6330
619
2770
2114
9523
6915
3069
1630
12803
12823
834
11387
11526
6199
11941
9864
12735
14187
6488
3742
2358
3842
12142
4697
12953
10291
8707
7334
13197
3705
11110
295
6322
4682
5009
12412
3102
2817
4021
6263
13448
6039
12844
4883
8766
13005
13303
2334
9636
4722
13774
11807
7434
8843
14319
8887
5594
6558
3952
16267
320
1505
2715
16164
14481
592
12360
392
15850
7058
16091
13486
3591
8225
1303
1001
14031
15252
465
5147
279
15866
14443
10068
13135
7558
10571
6366
3737
8302
506
2188
10672
14460
9351
7271
13
4424
3615
12812
4770
10531
8108
4692
8128
15689
8108
7119
1588
6607
8835
4640
11061
4236
14165
7453
6913
12339
7383
15297
10544
15146
1780
14809
6663
1743
12083
5984
11074
7978
1039
9413
5385
13449
3194
11598
10082
6662
3068
10732
2820
6941
4408
14832
15482
10079
15666
14371
1480
9582
8014
4720
7589
16349
11340
11920
15698
2323
12509
2447
2606
5734
12368
10940
4376
703
11101
10487
9491
12107
10489
5567
3340
9085
956
8730
11602
66
6839
6826
14239
7433
16034
12951
2258
5468
1833
1635
4015
3551
989
6861
1637
7797
1539
4278
11457
6613
6698
12855
12220
2540
4408
14436
8599
8854
12412
7139
15096
11468
14445
12196
4271
13157
7190
7729
9167
11713
711
5241
5054
11789
9927
11220
12045
14246
11040
6119
10989
15149
11942
221
6029
8632
6628
2324
7688
11841
12492
5488
8844
16074
2246
13572
4468
13889
8849
4233
6552
8745
6038
12687
2644
5603
14547
6160
11030
8240
1699
14821
14530
15086
11003
6204
14024
8666
2567
15594
7327
8776
8047
9009
4716
3564
14947
8529
14616
1751
303
6768
6904
4018
2707
4443
3174
9077
638
11938
12722
8827
7926
6107
9498
5305
1648
9989
4299
629
10745
14819
13206
9588
4952
4239
12748
14008
2723
1141
7706
2352
2586
11707
4271
5565
5351
15155
10049
14927
10865
689
10510
11443
10401
13561
8782
7589
10837
9822
8021
4996
2857
15649
15974
13263
5806
6096
7823
12978
6256
981
8492
188
5530
14331
3038
5481
5057
1511
6899
11355
13989
13039
2889
4499
9524
7212
12848
13168
834
6210
11791
6395
10257
5230
6495
3626
14867
8518
350
10706
5964
4511
6734
14887
2415
11384
5292
4690
8310
14059
6914
6151
14789
2151
12717
4728
12916
4361
7243
2296
1666
1302
9305
6176
15478
2816
12152
12010
9257
10680
6148
7468
667
16223
8249
8814
9313
7534
14127
5266
12506
9398
12630
7082
3288
3208
9770
4778
10695
11270
3688
12274
3023
6280
7500
13870
13794
10617
14938
9220
15697
12300
5635
2785
12592
3023
2550
11065
11798
1155
11928
11260
8159
15463
9072
15919
13600
13932
6924
5104
12259
487
1869
16350
6977
15784
11784
2097
7271
10538
5303
11854
6071
2613
15214
11087
10526
3053
2757
7281
11046
6790
3735
13470
15985
2722
14806
11509
5696
3942
10482
7257
5303
13944
11193
14912
3973
6721
14904
13351
5009
14998
16087
1534
13202
345
513
10109
5052
3915
2105
13074
13682
7781
2821
15484
3217
10170
2502
12027
4259
11978
13067
9552
9114
6774
9643
3094
11347
2420
14047
859
5037
16182
13672
9333
16295
5436
122
10443
12796
8098
2714
11593
6324
11117
15823
10897
15026
9997
8485
11589
11293
11512
4490
13286
951
13513
11744
3215
2336
13717
15197
1542
15166
5753
14993
13122
13842
1774
9265
8672
12525
15267
10120
9156
4951
16062
2843
1804
4953
10666
13487
12417
11986
11690
8804
14948
2232
5876
8080
6398
12305
12612
183
10287
6333
7686
12610
108
13642
2738
8434
12506
16015
11535
1751
4170
7051
3084
946
1232
11507
13365
12393
13294
91
8568
8256
8982
5045
7366
13940
11797
4404
12228
12068
6084
3222
1346
10945
6133
13664
299
14099
15031
16094
6658
8628
8596
2202
405
9640
11314
1015
10244
2642
11653
14629
7848
8122
9309
9311
14158
5891
7770
10739
15516
6609
7167
9057
5137
1665
8868
14730
6084
12238
8205
281
12682
7169
15459
120
7004
6983
1783
7488
16262
14161
11099
15902
12598
4816
15866
14955
8975
246
1500
198
4717
2284
15872
2148
1237
1067
10761
7653
12380
12249
10991
5465
4987
6139
2515
2462
9639
6193
11666
4267
11749
8809
9804
2195
543
12967
16288
10050
10607
3075
6955
5418
12557
12778
8877
12361
4535
10228
8643
8567
12338
64
5665
8786
4987
9236
13045
8475
3764
13523
5539
7154
486
1572
10719
14935
13805
12151
14528
12269
3437
3810
15758
9172
4836
15893
13777
7200
5412
4396
5643
3193
5643
11644
3461
7016
14171
8985
10660
13544
10169
10242
438
7623
11279
2124
12653
7719
8830
1742
12696
7996
912
4236
8314
7975
8578
16203
1658
5273
7569
8974
8053
4823
14242
7369
1994
14072
4264
3727
7836
8831
13593
16108
12868
6455
2056
14289
6791
13391
15377
8194
3459
10298
5405
9147
13385
15337
2430
13073
13462
15744
5248
8145
15352
4852
1614
14278
6489
1252
4475
13143
1233
6573
11749
13116
14313
8510
2362
3331
3229
11149
6545
3821
13958
14549
3719
3245
11310
12851
3471
13269
4052
8570
6334
5622
11575
4276
15087
3654
8327
1377
15501
2185
517
935
2705
16260
1774
3242
10937
3068
13798
9785
12318
7393
12830
7372
6434
4383
365
4779
14565
14455
1986
5636
11243
16350
15364
3257
2328
3690
11005
8196
4235
155
11420
3680
751
4583
11262
4660
608
10582
15747
11172
9688
14310
16208
4316
8216
4758
5075
4087
4293
533
3371
6059
4918
13717
299
6128
14712
13055
13422
6924
3750
13501
14009
15388
7021
15615
553
11485
5941
4372
2793
9667
7144
10288
7670
9770
8342
4822
1900
7279
9571
6159
1204
16013
2919
4326
4980
844
2951
2061
7810
13039
15463
2682
9868
5958
8590
1796
2596
10380
6925
12251
646
2829
4048
11224
8016
5619
1349
682
16245
15379
8702
12882
10941
11024
12313
9129
15083
3026
15984
9658
514
12843
193
13211
15344
10883
14242
14139
704
14058
10096
7773
6053
5284
13294
6353
8143
9588
11512
15073
5786
10946
15416
12770
2175
2789
13892
8278
2407
8924
8505
345
14668
10572
15459
10310
9022
7429
4035
408
8884
11389
7605
3850
5019
8377
8011
9511
2599
14876
15518
16269
13415
13994
8882
1951
6760
5696
6652
5331
14416
12954
2608
13513
1021
10043
15693
15196
5475
4900
13839
12457
5009
1543
2668
7683
12839
8495
13477
13683
922
15861
7291
11657
8191
12031
2789
10574
1982
9558
8052
6022
11175
16089
5526
7180
9184
4558
11679
10525
1334
13104
2596
11710
3590
5663
11260
9032
13084
13951
8378
4499
8587
13392
145
12852
12310
1778
15936
13542
2937
15898
1856
1703
14923
522
2951
10524
4896
16015
7597
10
14868
11907
2005
1877
14172
15120
15495
10027
325
5855
4046
8102
2118
7860
7259
11635
14371
3295
1662
8723
11876
14903
5593
14796
7039
9856
3366
3593
13236
11210
2386
1022
14255
11995
16173
5563
8249
15608
7948
6396
3726
8612
14973
1345
4886
4617
8634
7669
4826
5576
6468
8704
12924
9553
3676
1469
6576
15356
10503
7502
6155
14814
14467
11159
4905
2027
7075
7675
1175
13341
4042
10239
1387
16105
10688
3819
9614
7171
11048
14253
10722
15621
8954
3427
3980
13179
145
12934
10881
2411
14042
105
1279
1219
6943
6098
5480
3373
6804
4870
11530
6034
14306
7834
12155
11122
4665
15826
1561
6355
12592
1177
6855
6202
4324
191
8461
12283
2605
962
3080
6896
6742
9398
3330
15835
5
9707
2737
11262
4357
5399
4409
5132
1082
8132
12656
4303
9916
7109
8651
6415
11033
12222
6457
16271
14977
1778
9541
1089
11087
13105
1886
11299
3426
16006
9355
9723
1890
15233
8057
10729
8340
3937
7073
2823
8095
9912
15417
2499
543
13676
6506
14303
15068
6763
11897
2588
2594
12797
11686
14119
3658
15748
14431
3739
4481
633
4038
1980
12361
11507
10878
10054
15288
5106
11918
6679
12328
10467
4963
13033
2109
6852
14275
367
1113
7094
13848
7848
1218
520
8298
1128
8866
8563
15027
11439
10363
13587
2433
4612
8577
7682
1055
1541
6461
5601
2656
2705
14296
14873
2243
10133
7749
1489
12596
2450
4035
2628
14312
14485
4392
15025
11123
11365
11090
12551
7190
2171
13385
12441
862
13009
3482
15537
2798
5320
14072
8627
13572
2399
14465
4864
3418
2812
6724
1949
3195
4790
5978
12353
16179
281
7739
1680
2153
7194
8267
5423
13274
5925
7742
293
7997
4684
4668
13926
13709
7734
3016
13316
694
1823
15077
6595
14208
15767
2543
7018
5318
9488
8279
2467
3892
7345
2207
2302
12827
3421
826
9104
16306
6241
9587
14083
494
3599
12992
1868
4541
15502
2254
3697
8190
8319
6428
3331
7748
7879
12461
49
13570
13827
16163
11440
5324
3285
8079
15908
11034
16222
1929
9875
9656
2615
13425
3909
7964
5300
3580
1008
4284
4479
2533
10942
15597
11996
11315
12551
10778
15033
7395
14423
7271
16340
9928
15543
13690
1519
10487
2366
13721
10076
11681
14266
15279
6405
7707
4768
7808
418
12122
15651
214
571
5474
11328
14751
8474
15632
7982
15033
1168
13436
4006
3143
10639
9123
1811
7053
6539
1233
4390
7308
14760
12652
3114
13199
11207
8664
2690
14923
6426
6949
7709
5182
6088
2826
12167
13304
15558
6290
6043
586
15552
6327
1924
12064
7994
8533
10863
8095
5330
4029
2841
11781
10977
11291
4994
3400
11414
5887
11369
14041
1152
13860
9433
5410
9113
8782
6212
5793
10094
9978
13610
13767
9146
303
2415
6374
14909
7164
10304
12108
13112
9435
5061
1748
2412
2341
2280
11725
11635
8065
7039
5019
12011
10340
5305
9991
2147
6084
15730
2377
6206
9863
9120
12969
6351
11812
16306
4244
6674
7323
141
4389
1395
7912
13966
3941
3892
11912
5721
15186
2375
468
8304
5448
8690
6992
870
13657
1837
10726
5056
8736
4576
10585
14360
14792
1362
4619
13409
760
3373
8407
14312
9704
11441
14486
790
2527
2982
14417
10813
7900
8489
2586
14212
2379
692
13056
8174
12102
12456
1286
13878
14490
1172
13976
3000
8067
13311
4690
5774
16070
10798
3555
10164
1782
2572
11306
4361
4481
1519
10075
7988
2818
5603
4754
5365
8818
3882
8911
5160
12497
6850
16016
11555
14699
14480
11987
14495
4395
13470
16239
1475
6626
14665
3763
14500
8716
572
12881
4641
11075
14195
9041
5672
10228
7605
4923
16268
3805
15280
15658
8274
14636
14971
16252
4928
7107
8346
5026
6421
4002
11241
9257
955
8178
3573
15732
10106
12854
13710
64
4721
1967
16018
12275
8860
1219
5723
6343
8565
10026
4306
7845
4339
3661
506
15888
14621
6099
13541
4747
10495
16200
12206
3106
11353
10793
12503
14390
13320
13833
3096
9483
1774
5641
10653
13716
10559
11751
13136
700
12121
5862
10586
5196
12027
11716
8928
9942
9925
16006
13873
13092
10634
11551
3896
8611
5093
88
14831
229
6772
790
13869
9793
2613
2213
14868
15587
4283
2309
10324
10470
1464
7738
12442
7479
2593
10961
5344
5337
7083
4736
14625
2162
10016
10545
10221
677
11132
9020
15110
2169
14003
5795
274
15303
10136
10887
39
15848
9414
5622
12337
2046
7296
3289
252
10075
15754
6588
143
14621
11472
607
6621
1426
406
5687
9785
11547
3025
8205
6744
1385
12876
927
8176
2800
5218
9798
11886
8777
2929
13580
4028
5526
12517
5683
713
10141
3745
10348
11898
4445
8491
9273
14317
5523
5791
3711
4783
8832
1569
3403
15747
13660
7257
7645
2320
219
14176
7718
1511
6860
11452
4763
13598
6978
1402
7901
11069
11556
1598
1083
6780
3584
11346
4696
6740
5794
11898
15892
2926
8861
7021
4300
9392
10784
3017
645
1860
11274
7852
13687
14897
10265
11362
6078
4949
14596
6284
9028
15309
4079
9222
11535
2897
1883
10086
2364
7150
6244
2788
4643
2500
7574
14833
3855
5635
471
11229
7631
8102
13631
949
11063
11787
14014
5612
95
6650
12020
12471
6041
8631
6817
3078
5549
3692
8741
10292
9941
11
15775
14407
7586
5142
15669
8414
9158
14663
10859
4841
3575
11144
6039
15749
9708
10255
11888
6915
13945
10567
3632
8126
8449
5580
3994
3739
12629
14345
820
5798
11016
3919
8472
300
4919
15362
9585
2644
931
985
4164
855
883
1702
14304
331
4292
8112
5262
1021
4774
8792
12543
7081
2052
7295
10563
10892
3732
1925
12919
8293
6501
7369
7609
9195
13405
2245
3135
15253
10095
5332
6198
14054
15980
12704
15162
4390
10743
628
8674
12975
8669
13234
6720
3606
1082
1585
13737
10608
8028
4079
3380
10947
7215
4949
6639
10908
5581
11742
2198
7043
8269
8576
1206
5163
2419
2219
15595
14632
8798
4466
11176
6015
4225
518
7191
14807
314
4029
11590
13897
3674
1246
10108
8936
2195
11061
13905
1350
6433
11763
14523
12119
13650
4606
9803
11856
4472
11909
896
15013
11865
14094
16331
14515
6815
3385
9680
5834
15560
833
9499
3689
397
2949
15594
3124
9257
10224
16257
1618
15296
2548
8143
7575
10830
11825
14147
12054
15103
2989
5410
1462
10219
13559
5227
11265
8573
12708
6416
1007
7750
14643
15359
11410
10781
12298
4253
11499
2997
15978
847
8504
6908
7301
6806
5972
4063
15089
675
2838
5272
467
2867
8451
8725
2656
10910
8800
1624
9625
1597
12224
10077
6566
9009
3666
368
7959
7281
14622
6943
838
10519
2930
3458
411
2947
1947
15545
10095
13914
8256
1686
13200
1320
8142
3451
12930
1140
9754
10867
4907
12330
5839
7667
15832
8750
13226
4995
945
12155
7120
14011
384
11627
8109
12793
10854
7680
10549
4156
10986
181
7834
8196
89
6821
1593
3643
6996
3640
11035
13397
11825
14078
14489
3923
4609
13757
14570
13949
10570
7106
15971
5566
6472
8433
9016
4846
15732
255
8857
7740
12951
6414
6983
8412
5301
11476
15311
8979
13447
6897
4481
14936
9863
2657
8863
3231
5981
10827
10964
3975
536
4925
11839
11779
1827
2693
3508
16374
8979
14523
2091
9235
16332
5060
11711
8573
11949
14084
11341
15803
14023
5163
14957
12905
5785
746
12738
127
9850
4467
13560
1255
12712
5129
184
8454
13121
3230
13064
15384
7673
10186
9389
9968
5745
8552
14166
14181
13960
16000
13994
11395
818
15600
3860
1808
3616
704
10711
15883
4549
13018
2653
15693
15285
996
5433
2596
10527
11758
12171
8561
4136
12133
10239
7012
7082
6450
13561
14112
2999
426
2655
13620
15131
10259
6672
12728
6445
15759
900
10495
2131
6201
10327
3186
14135
6892
5548
3610
5985
9543
13949
6683
3088
1780
7185
13872
1219
11957
15151
13192
9745
1623
4848
302
12288
429
4848
14903
9067
1964
4182
5926
6385
5303
5041
11500
9661
15764
5410
3010
14321
2236
8879
3671
4599
10963
34
1620
13917
13007
15454
6707
11075
10090
4536
15044
3018
3043
15366
15247
6050
3201
5400
2825
13680
10102
12296
10049
3841
9698
11454
3602
86
2
10617
10220
6553
613
10803
14432
13275
16348
14657
3376
6277
426
1513
15328
4425
12006
12923
3577
7037
3129
14959
10209
5682
6505
4459
1602
183
15337
14041
8028
14936
6679
4075
2774
2064
7510
3777
8959
16142
12585
15285
6648
8337
8162
733
11738
5360
15414
4255
13867
1935
167
13232
16063
7665
13924
10305
14497
4778
15746
2157
7624
9428
9761
568
8999
12795
10286
3775
15557
2083
1446
15281
11688
7637
1593
5275
15005
3538
1319
633
14812
15255
2421
15353
5376
7638
368
10082
16326
3849
5448
2239
12570
15586
12174
11628
10285
2522
14355
11213
6979
3532
3546
3721
9848
14567
15564
4766
12035
7903
9375
11412
14735
12037
16269
2443
1018
6586
1118
1151
3043
7936
208
1861
425
3881
15743
15195
13535
6842
3546
691
6991
3504
1300
112
8815
9020
14730
225
11889
14431
7197
1303
12180
7611
4031
5985
4584
11452
6807
12987
9554
7049
9769
12240
4258
12673
13666
4303
5499
12056
12365
11283
4758
9494
13789
14388
11098
1564
2381
7973
6074
12719
9208
16142
13395
12567
15540
9479
9245
11783
5938
14226
803
8838
14479
15602
4486
1228
215
11771
10867
1028
15803
9068
10859
466
2475
1350
8196
1493
6197
1657
15164
15166
3812
10239
10192
1334
10256
3254
10862
13794
9794
14839
12024
4110
3181
2218
9445
7957
5846
4397
143
10373
5306
5191
979
881
9175
14322
15021
14638
14659
13574
573
2251
8371
6074
8307
10867
738
4011
9188
8955
2413
11187
5658
15368
14994
6987
5219
15852
2061
15290
15959
10560
13372
11705
1237
11429
10184
9191
5308
13602
3379
10259
10122
5085
14424
4712
16140
820
1358
14527
7337
16371
4029
11528
10192
7164
12973
6309
12271
8450
11908
14643
1720
10330
13009
7189
12040
1267
2670
11505
1979
3278
10391
9296
8534
5765
11562
15579
2078
7657
3443
13630
1333
10543
10418
2703
8435
10538
7432
11115
11335
11524
8322
2257
12522
415
11571
2281
8037
2719
3821
15871
2955
9638
6450
3167
7257
7766
16230
801
8800
11088
1436
1029
705
4829
12946
13658
9416
10971
11142
3807
8886
14010
1705
2345
13718
6884
3095
307
5965
5335
3732
2656
12761
16367
10896
9628
10287
6051
15344
4436
6792
12544
12709
6866
6383
3910
9218
5462
788
1273
14804
5816
4622
5732
13665
1566
12608
173
301
8668
12001
1569
11280
14661
7897
4973
2530
11044
13555
12543
13145
16040
3152
6180
938
8677
3264
13657
12497
5609
2933
10977
7405
5451
237
9043
10612
2315
7145
12049
7028
10863
4234
12041
4570
7041
7990
8284
10523
3872
546
14065
9247
2750
4283
14470
6125
9685
8378
1911
2577
3282
3572
5754
466
16374
8501
14281
2036
2875
5624
9951
4799
5650
7628
264
7151
2953
15183
5280
326
2633
7862
2044
14382
3380
4510
16340
14341
8100
2656
14976
6502
6989
10466
9093
15232
12740
5329
7442
346
10898
10848
12034
10882
6848
7504
12729
3262
6070
10154
9536
5155
6584
6792
207
13735
14197
8803
5407
1348
13090
216
15649
6039
10608
999
12088
8240
11354
13230
16358
14318
133
9736
8741
3033
11964
4662
11836
11613
5828
12970
15380
3331
2792
2282
206
734
2250
15893
6310
10854
889
1247
8029
7781
7117
6239
7181
5584
14107
13053
3326
2403
15175
9326
10393
14041
13395
7331
16106
14588
1684
3976
6590
8414
13824
13450
9923
7586
5289
2722
8148
13433
15889
500
14939
5531
9043
9966
6616
11707
15510
3502
5624
7103
6453
12688
15992
11027
11212
910
15166
13203
5417
7816
3034
3505
1629
9357
9699
9655
15176
353
3468
13061
15263
10441
14454
7006
1901
14934
4639
12215
1576
3635
7791
3450
9873
8467
9739
10084
2978
1999
11778
3037
13295
4719
6009
6426
12634
4847
4871
6817
13419
7388
9893
16253
6022
8946
7555
1990
2659
6028
6311
13357
13803
6523
12631
10467
7529
15014
9837
8444
7938
8302
2493
10369
5428
4922
14287
11821
15192
13347
2600
11426
3193
11222
695
3044
7527
16334
12130
11178
2045
15122
82
11686
7897
6964
7837
15039
1995
7087
13935
4525
2685
50
3419
138
13295
15894
4396
14995
11013
12271
3099
253
13252
10637
14616
6329
11522
15038
7884
10933
11871
910
13354
385
6968
13123
258
11313
1078
11818
13249
15727
5890
1135
14624
7961
1468
8852
14381
10980
2793
11146
13458
2427
36
15174
10790
12835
13383
14990
4184
4282
12589
10650
13501
4084
322
1162
11316
16342
3147
5333
1614
3888
8987
11538
13264
12888
14109
7456
11571
9791
6442
1278
10324
3880
189
13073
1225
5210
8114
10786
9681
580
5866
9442
6573
2879
5645
1251
9008
4652
7611
11412
4075
11484
6751
15862
29
1448
4607
11961
11287
10535
1430
8133
7097
4188
1050
14288
10295
5968
8423
2665
10173
10347
153
7798
14214
15919
7856
11868
14044
15668
9593
791
2099
8874
4911
10601
8786
1817
11892
12776
12319
8093
7661
8868
4459
4602
12404
12924
505
415
11138
7563
12071
14308
2974
4195
2517
8655
12212
12733
11492
16212
3371
8899
9391
1441
12972
9222
5697
14364
3512
3315
3121
7802
2150
1744
12638
1009
3657
8366
2098
8883
2102
2900
12211
13140
11740
12936
373
8811
6836
2620
3796
1398
2779
5078
11578
11624
14066
439
13681
10608
16239
343
14151
7177
11387
6213
6160
6402
9514
11364
12320
5168
7718
7908
486
2276
11289
5292
5934
13255
6730
4742
376
14451
4837
13008
7335
9551
1933
15375
11655
8796
12584
14459
11558
2018
10736
1901
15873
12738
2763
10503
227
675
4727
15777
3504
11028
2717
1495
640
5270
7223
15094
1143
11691
3112
15382
11682
13464
11319
465
9973
4891
2076
11692
851
8712
15901
11253
6005
15066
1108
5556
8829
7528
7730
14176
13630
1225
6160
10470
13502
8507
2505
280
14896
6896
9851
11484
13273
7684
2504
12224
15332
12948
9517
5454
4674
12603
14195
6390
3182
7819
6643
1215
2335
3541
14930
4055
8196
10404
12960
5729
14431
5568
11911
2147
6101
11684
13143
6473
8541
13978
1400
4784
8036
10055
13098
8532
4816
14491
5959
8776
10469
10610
15530
2172
7332
5542
549
8523
1545
7061
10077
11157
5266
7953
7448
13373
7625
9502
8394
6111
6215
13237
11857
4819
5335
7045
8012
761
4088
3199
475
13100
9550
646
7778
1348
15452
13479
11234
14460
7026
6825
3034
9960
5399
7029
12907
9014
14396
4169
13996
8737
10398
4173
3306
10309
6043
7390
7161
2484
3265
9870
7333
5665
10061
5728
7225
2239
16142
13726
14205
2521
15443
15393
12815
12656
5710
10826
5919
11142
10248
3722
13830
2683
6778
10625
14686
14560
4859
9943
3524
16239
15994
6429
15066
3592
6841
5564
6932
1636
3901
630
13255
8169
14521
3009
5754
13768
13712
11010
7982
14542
5069
13283
15052
10084
9321
12897
6024
16196
2649
14553
684
8701
15147
455
14385
8321
721
10038
13935
6470
940
8106
14785
8955
8436
612
10364
9257
1472
2905
10195
11028
8525
12368
16329
5066
11798
7933
6518
6956
4504
5991
5023
6610
15431
6984
8692
12682
9153
11350
8559
11030
5155
12013
15927
6678
12841
14545
3326
960
10274
1233
5044
5893
14089
6768
9421
9396
16167
9897
10279
11000
13774
6286
4151
3577
5543
3736
3646
4187
9304
14794
6704
8300
2676
6424
6552
1319
792
13768
15182
12610
10605
10605
1352
1902
1566
15717
5925
13357
14953
15755
4736
3708
13869
7064
5311
13641
184
9028
398
5513
2056
8943
3928
10830
4029
16210
9740
12398
4400
14171
5185
10951
803
8110
14213
8193
15458
2547
15427
8549
1328
9575
8837
13072
11568
3072
10863
1244
7155
12044
648
12895
8480
14477
6115
7411
13810
4987
5074
8495
3540
6010
5013
2267
8483
11718
5313
332
16062
2794
16053
9758
15100
13731
14547
2270
2567
4003
4591
7114
16018
9400
15362
4482
6987
6879
7483
11213
7578
14296
5075
15262
3052
11210
15245
1242
2939
13341
11233
3585
3021
15553
7505
8525
3424
15004
3671
368
14918
50
6170
3094
129
8762
3400
10445
15947
16084
6018
10959
6105
1531
14462
526
11697
183
6871
11394
5253
14082
9151
12652
9910
10366
7338
14081
12322
3111
15431
14208
9166
4070
5367
8432
5783
7679
10411
7277
2293
1679
15396
13554
9396
7408
11488
3426
12985
4035
3240
8909
11057
6059
3280
1844
10829
8660
15035
9615
12708
15199
10843
8196
3836
14707
13569
544
8967
5011
8257
4933
1136
3375
16042
6138
11666
5797
8696
7864
1603
4382
4895
3587
12706
7278
12561
1116
9322
2185
1245
12272
8070
14256
837
9342
8468
6967
11429
5319
6678
3957
246
7302
12206
1481
967
9604
7172
1174
4697
10841
11716
2164
11238
4888
14333
10298
557
383
6537
11544
12276
15728
6028
2850
3945
1674
1775
7600
13823
14670
6926
14901
7119
1684
9004
3508
9901
2370
11466
5049
15351
15338
14259
11521
16143
15930
15231
341
1510
1616
4261
14482
4832
3726
9408
3554
5590
11438
12262
1327
14561
1696
7543
715
7541
1825
3308
4613
12439
1161
7955
14245
12362
5076
2710
3301
2105
14509
2517
1875
8381
13910
1879
14271
9007
10023
2265
12556
9088
14439
14592
3782
15630
8862
4741
2102
5114
5259
9393
10323
8863
12055
8199
15614
6815
7674
13392
2995
6637
11231
10410
14417
7899
16109
11821
10632
5130
3543
4575
184
6325
1399
10333
14462
1726
6105
6866
8787
745
4219
14463
15035
12751
7445
4742
8994
7349
8611
6570
7240
6976
12736
8577
9588
6969
9862
3406
12431
14188
168
7183
15682
7384
12918
6371
5323
15709
2183
12366
10744
9605
9157
12628
10018
5482
2657
4915
7439
8593
2729
9762
5593
8116
12889
4552
13981
9482
7455
12624
2073
396
16111
8191
11224
6234
4764
13868
2363
15497
7864
9335
8274
16217
11141
12327
12724
1927
11029
6321
6545
1693
11240
7160
1097
14680
3743
7978
7526
867
11785
89
7214
3727
2169
11523
15933
5362
10453
10416
6249
12121
6606
4814
5497
6908
6015
8994
10926
6105
330
4142
12972
15098
6895
9336
5050
9511
14479
12326
5983
14111
13026
6006
9469
2684
12785
12244
12766
9234
3083
4659
5937
5590
6450
10118
11856
5917
6587
13088
10072
12485
6179
5669
9283
13597
1257
136
14175
12715
6269
2277
8070
6929
10196
4160
9595
7016
11906
9582
1556
11175
5305
14960
11555
5314
1102
6784
10655
8647
1894
10603
11853
11948
1041
11104
10761
7844
7376
14710
11150
16348
8115
11339
12032
610
278
3759
11594
11753
11970
6717
10674
14600
13236
3081
50
12181
12223
15993
1130
495
2798
11700
14078
10630
2135
1602
9381
5746
729
12802
13079
15937
10306
8524
11543
13633
8614
14142
15830
967
13527
5497
16335
14904
4669
433
11179
3260
8142
1154
7566
3896
1892
15444
7279
4262
472
8261
9760
10501
1318
14250
12241
15953
538
15492
11892
11209
4942
11588
12990
9451
15839
4307
7122
15704
6991
9110
8805
9246
2088
5044
14492
14333
3352
13512
9023
14550
14101
8134
1424
7952
6576
13371
13933
1041
3423
3590
9109
10024
8155
14736
3442
4750
8337
7249
5305
5728
3631
13586
7218
14296
10449
5414
16370
13723
16245
8298
13032
15518
11640
15873
6656
593
12664
8087
15757
12279
515
4982
5776
2315
11170
14664
1046
7343
300
3704
4007
2845
14902
12951
11927
14147
10332
5148
9751
3830
3111
4464
8769
3803
9179
2396
15515
14509
1269
4552
2066
8972
1176
3675
6146
2369
12602
13571
13224
14781
14999
8370
8620
9571
997
16344
12471
11309
2915
4738
1620
2375
4978
14890
14149
8077
4684
9195
12826
5510
14787
5447
10929
15687
10349
7856
15191
10667
15996
39
5467
139
7368
6123
10449
2951
4910
9785
2699
4704
10553
12702
9360
10013
8660
7293
14861
13032
3862
7728
7018
342
401
6542
3268
5683
16091
450
567
2141
4804
132
5955
9345
8303
6525
15458
16154
2823
889
3924
14688
15848
3842
11367
5550
6884
12700
15132
2722
14597
3620
3480
6018
4688
9693
1117
4045
5093
5432
5963
12300
15978
15925
14384
5132
12248
3153
5241
8674
10808
2209
842
4203
14689
13764
3979
10327
13679
10763
11481
394
1774
633
12541
6778
6048
11343
11674
9125
14345
15987
14387
1716
9094
7092
1747
6476
9490
9796
2248
8460
13670
10542
11412
15546
11251
1011
9048
620
10453
9687
12378
14671
7286
12832
1958
7692
15743
7456
7475
2621
14167
5659
11966
14976
14316
5696
9251
7431
7513
1483
1699
9900
2662
6784
3955
6658
12294
9286
7603
3899
11180
1301
13661
15001
1047
2061
15105
2046
13371
6718
3667
7341
7627
14327
14700
3317
10345
11890
10492
11226
441
14299
7755
12658
15559
900
13758
1332
12557
15383
4385
10328
9115
12444
3476
10071
11880
11066
4293
1769
3483
11025
11174
4223
10462
5888
800
7255
15686
6431
3841
7592
9459
2566
1913
12964
7076
15522
8587
4477
12223
11669
2083
2595
9849
15108
4895
8012
5795
8944
10015
8013
4945
4236
5035
11733
1632
13750
2592
2901
8194
6256
15556
16203
5802
2280
15656
4692
178
16362
2855
1929
9100
3638
8147
13971
11438
14815
598
14052
11369
14148
6171
12013
13992
6519
14411
8130
144
8884
5709
9967
8785
7489
5409
7812
3012
2758
4255
14811
2189
10622
2634
3839
6485
12657
442
9788
5324
14138
9926
8258
8910
11748
9295
1636
14705
5882
14758
16115
14190
6535
7842
10912
9822
4287
10727
6188
15376
9844
5053
1167
5191
10306
2691
8775
12128
10155
7406
10137
6260
7000
15221
9874
1178
789
1221
14596
12338
4463
7210
13961
1877
10174
15845
709
2118
9793
12726
2213
5426
13947
14979
14015
13368
16071
10994
11396
3729
4467
15978
3221
4721
11947
7783
7064
11730
16122
1061
742
15768
7528
14818
9020
15568
13891
5805
11592
10457
5476
8484
16010
8899
2169
5083
6889
7179
13428
10547
12763
225
9971
10410
1617
13844
5142
14174
6016
2688
1818
16161
9545
10016
12543
3851
3261
13746
5868
1683
6277
14741
7278
1822
3999
3005
6349
14761
9522
11
5881
14232
8688
1297
5027
2694
3888
6106
7013
12762
10995
15030
3104
11296
6441
8970
6498
485
6483
3945
13906
2227
8309
10728
10980
3213
12290
1308
14964
6161
15648
15287
11255
7829
13477
16293
1601
13643
796
10050
3084
10852
9058
15318
13286
2597
14358
16258
12450
1481
7101
665
4580
10083
2584
5550
5222
14133
11164
6604
2865
11265
3476
8585
13038
2424
12577
10516
5379
12823
1553
14835
2084
12037
409
14106
8115
5886
15179
791
13240
14708
6997
3055
4668
7469
7449
5356
11218
4057
8657
10182
5106
6400
15101
5130
5991
7766
16136
6472
5645
5745
6372
2067
10147
13075
654
5465
11972
11434
12556
9824
6364
8352
13933
572
10676
1293
15288
3285
9883
2975
9071
12928
13683
13874
8151
2080
13159
323
8705
4172
3107
14374
15438
14830
11232
5677
6774
14349
7437
9736
2106
1779
1542
6359
16113
14787
5946
14825
6391
8707
10343
6322
4834
10891
292
12969
12127
4250
532
8897
16245
7237
1953
8291
561
9931
11080
7807
527
14236
7745
10943
4653
13197
1990
10624
12616
5338
11620
1355
11516
11253
5868
11808
9889
2688
7755
12523
7822
4863
8869
14705
3729
15532
7084
7696
11554
9491
5472
1607
13877
1755
5398
614
6860
12676
10312
3894
9586
8633
15812
15710
1982
2514
5643
16134
11745
10531
7021
14783
13135
1439
2959
1804
4738
8895
1964
5991
15923
2988
12030
15508
2482
7127
1734
3830
14054
7029
1699
8792
6764
9619
2177
12836
8682
14438
3118
12518
14211
8397
3052
9782
6650
5856
3568
2191
16124
12090
13559
15060
4345
1173
9926
14666
10573
15834
10966
3692
10443
14640
3687
14558
15311
13548
4131
2552
3087
2398
3812
13655
15176
11276
4593
8438
8461
7626
2365
12720
9973
3409
10449
12044
9685
4297
8683
1125
12826
6324
14107
952
15137
12523
12138
9066
431
14642
12721
11583
7174
7113
6080
9947
9535
6032
13455
7876
15137
13273
12077
5008
5543
2784
2710
8806
14976
7514
8484
4219
14861
13630
2048
9960
12804
12718
13775
9625
2751
910
8447
8555
14486
13781
8559
2314
9076
10574
8743
11857
10020
6157
14310
3759
12756
3557
7735
6522
4302
2515
7661
2173
10954
14115
1285
15505
12884
14079
8794
2457
4268
3329
10565
13104
9058
8144
3355
3059
5604
7401
16140
16193
7892
15154
9835
12316
2881
1847
4841
7418
953
16339
5
12478
3763
16358
8584
13434
16217
1495
8952
12026
5828
951
4593
4097
8465
8289
12293
12987
173
5462
8296
118
11125
5491
15686
6635
12923
635
1562
9928
2732
15340
2853
15152
12348
5928
6601
12164
11922
713
2955
13501
13010
1435
1985
11979
8114
14862
10592
15745
8315
9155
4962
13726
201
9514
886
5858
15058
13148
6825
11864
2824
10181
9476
12009
11128
14382
3118
3290
12755
373
12026
7852
4160
10292
10769
10220
15208
2550
8306
13956
317
959
4223
9210
15948
14059
14747
14707
1698
8193
1112
13380
6125
9588
5003
743
4588
9386
3782
7767
6042
11575
14458
5611
3447
11702
7285
7283
340
10190
2795
642
14100
11423
15179
13929
13990
5843
8035
9703
15819
2240
10112
11564
67
11295
4952
3089
158
7359
8465
9264
8620
11028
9500
9415
4993
1883
15497
3220
4281
10021
7044
5209
6527
6181
3640
14516
7531
2841
10549
10197
3704
11548
11525
11210
2820
5595
9849
7798
2153
7239
6657
12260
4584
5350
15770
3533
2023
1272
7176
15721
14952
6620
14558
9199
8404
7783
4810
2583
15119
14298
1570
13012
6168
3572
10895
10834
450
16070
15206
473
2183
15709
12863
3680
3429
11728
12388
7706
14547
4565
7969
3560
15974
13289
7321
2126
1514
1781
1523
9995
1823
3111
5642
11884
8361
3326
16121
4877
10610
5486
3136
6504
7015
8224
2738
6509
13765
12265
11241
6895
9074
7876
7945
6942
2010
12373
15029
5388
1036
12094
2238
10836
2234
6232
12304
11594
13357
2428
775
10284
2417
15463
5710
7878
13756
14266
3906
4185
6355
4904
6439
10880
13456
6517
12497
5037
1836
6009
4399
6891
7464
9786
15664
9543
7499
11668
6465
12209
3701
6706
11869
10989
8402
7470
2487
4173
6093
7336
5594
6117
5718
11675
5751
6156
9086
4366
12413
6785
2678
1661
16344
11195
65
7501
12143
12120
1407
9893
2948
4398
12057
1182
4274
8685
10719
3141
4481
12941
12548
1089
6578
362
7214
3276
4762
4908
1839
10241
12372
6352
13354
6168
2167
382
12831
3697
11043
3298
6270
14852
11460
394
14270
4461
16195
7879
3048
7830
5065
1297
5572
15738
13007
14663
6316
10356
10240
2660
1433
13093
11381
8016
12279
3723
5924
10440
6208
14233
7454
3379
15717
13607
5727
10492
13459
7730
5769
8939
6987
4108
2632
2657
10098
4846
10696
15499
806
3691
6239
251
15701
9736
8881
14004
1528
7907
13026
3686
1544
2905
8512
16341
2812
272
3280
6044
12053
3167
12333
958
1974
7028
4870
837
3788
12836
1997
13793
6870
10194
2164
7
2434
11401
11928
16231
11286
15734
13953
4155
11313
14028
7321
8475
11699
4126
1951
8214
11021
11637
11582
11759
6328
9118
6492
15686
10355
14358
745
8629
15340
14215
7193
709
16356
4525
2514
132
13749
2978
12723
12648
2682
7357
975
7659
13268
5400
10631
15770
11728
3202
13475
10260
6276
3509
14130
5235
964
759
9863
6566
10990
12751
4747
15912
2370
5046
4275
1555
410
1739
4720
4521
926
9738
11717
3780
8194
9084
2284
9490
12226
13523
1490
13444
3324
11493
11892
2144
5089
10554
6199
10027
13896
3397
762
9132
13324
1402
11024
11904
1557
6298
13965
2044
13180
1868
4729
2575
8684
6416
10364
8595
6164
5611
16321
12915
7928
7987
6872
1133
13060
13786
6324
15744
3628
11532
6484
16234
8501
7417
14672
1884
7017
10363
1436
129
10125
7103
5682
11685
5451
12460
40
7182
8902
9403
15392
7754
4048
15266
15314
15170
6160
2523
8484
15054
12965
1081
13138
4458
11098
3889
9668
6481
9331
3675
13061
15774
6548
13668
218
16285
10004
7760
13894
11845
4328
6680
7878
4418
7458
12682
14039
13723
7779
791
15523
4249
6131
4741
15812
564
10269
6458
14908
862
13719
1705
2150
7263
3210
623
427
1619
247
5226
10499
8444
792
11888
14703
8257
13021
14653
12757
13376
16353
2113
15872
13162
8483
6713
12832
4772
9161
5784
6616
1364
6627
1935
6191
15389
11223
10212
7950
14259
6932
4713
10254
13677
7749
12995
9127
14833
2955
13795
9715
1359
8525
6701
12744
12725
4325
12126
5194
9981
14130
1235
16159
6543
5753
6010
14460
10587
3257
12678
12996
8135
5105
7307
16006
6646
6830
9942
9988
9246
7890
10391
2699
11451
4304
2645
11399
4618
4263
44
4259
3385
6099
5197
7764
15855
3131
1229
9779
11245
12795
14074
4677
7807
11963
15597
11554
10771
7461
11438
8090
14413
15943
5320
14438
18
5842
13985
5454
6266
11758
14006
6744
7838
561
9818
3081
3094
6063
7912
12386
6232
12771
5675
875
7352
6068
11734
13476
6538
14988
14660
12462
16280
111
13783
9533
5496
14596
10858
3190
4933
11755
5083
10729
7313
7804
6291
2034
223
3883
4197
3032
1142
7781
8949
7505
6286
3827
3399
4225
10975
1429
8824
11692
3530
6663
9714
5998
9716
4021
1224
3749
3779
5976
9075
15354
10404
16238
15731
3072
4890
16186
14994
12038
16214
3982
11273
13690
10465
6490
14796
462
4363
1738
10833
5977
15289
1428
5690
12802
745
3425
1040
13333
4239
4748
10687
12382
14318
7018
8740
16300
14726
1352
12852
5655
11362
12345
13588
14646
6177
6093
14470
2670
7271
16067
10089
3404
8412
6436
14361
14559
16095
6270
5792
11284
14833
16344
10774
10595
8603
8160
417
12180
14
10376
15750
3920
8639
11521
1574
4931
13913
9391
1148
14462
4837
4782
10922
5022
11308
10840
14310
11598
10624
6036
4322
5324
12681
9244
9940
2910
10429
16108
1281
10571
3135
4383
13171
12201
10736
9580
12375
15800
632
6036
10028
8703
4990
780
578
3296
15421
8369
10435
8881
16098
3975
10392
3911
13368
2978
14986
15483
8546
5942
12566
7022
12549
15752
7193
4015
2234
16224
10160
8226
2782
3903
14932
12489
9447
3253
14811
2128
5779
5651
441
11139
10752
13354
5466
12210
11599
820
10855
1220
4323
5650
8511
6649
12713
5698
12933
12443
9027
15569
4686
6640
9509
8665
13061
7854
3971
5139
14352
1102
7748
9615
3097
16018
14981
2830
13925
10722
13811
1909
4592
11891
10617
13283
12162
9947
5123
16309
10162
10671
11129
13236
11469
6415
7465
4968
5614
496
8854
15015
6437
1295
10702
2157
8983
13438
11722
150
7579
6682
7116
2685
2022
1658
272
10936
10716
7886
8700
2651
1736
15830
11954
2092
9194
7382
15192
12937
13550
2534
1207
16073
9979
8083
6195
8565
9391
15732
11034
3908
8143
2572
3824
12205
7287
7507
9045
1841
13538
10853
14919
8489
6811
14719
10124
2302
876
1321
568
15208
5600
3055
12159
1445
3658
6360
1364
5749
13244
12075
4913
6475
2631
4645
5896
7625
4270
10249
7950
13209
15243
4966
4184
5689
13414
14521
13078
3646
6730
3545
821
8439
8875
151
13956
12162
12564
14672
15752
6153
11099
2848
774
5215
7557
14086
12226
1873
10019
8584
11944
7501
3155
7770
15265
11695
13265
13710
2349
14917
13330
5708
10918
7275
655
4364
14723
5690
13918
13459
4219
14248
9097
7442
10695
10181
11595
9043
11381
2331
11746
3112
7183
5211
902
2153
13840
1763
12326
16033
6175
15579
1936
5476
8991
8943
15542
5315
8663
5635
14117
1367
9032
11241
9986
4545
4635
7335
1511
7603
785
16168
8611
13177
16314
1373
8927
2403
10689
972
8918
13838
9105
14508
15025
6557
12277
8609
1022
8042
2857
106
10391
7588
8655
8970
14939
9704
16044
158
14001
6931
7749
12222
2611
3664
15106
11683
13915
14881
11776
3749
13110
14462
1694
10997
7085
13687
7947
8134
3085
16144
14182
6548
9094
2883
12118
957
5223
3450
14816
6792
8667
3374
5868
11459
12321
8466
3506
10635
9808
16143
4994
7640
893
3213
14651
13688
12142
14362
12766
10056
1948
2709
11757
16322
10527
12411
13917
15406
10194
13088
14562
4504
12655
3408
13493
2896
2995
69
9948
15653
5826
5896
8156
5668
7940
14944
14553
10924
13618
4662
7630
4970
12293
8277
9735
7437
1253
12542
14271
16202
7678
12274
12771
9891
4507
857
5651
4495
3342
4951
4330
14101
13309
11879
6210
11016
10687
11139
13384
15402
16249
1837
935
9665
13844
13589
7316
873
11234
13093
14598
4171
8998
7032
1435
8116
4151
10500
8032
15057
7592
14254
6383
3504
3175
5721
15229
7529
12549
13063
6873
11105
546
2676
15981
368
15382
4911
13567
4839
14623
5467
12811
15485
9145
5092
7180
1499
390
2411
4430
12775
15093
9202
4414
5729
6042
121
2858
14462
15751
7646
11969
7303
13786
10553
10602
11420
14626
10749
1396
2610
10076
14298
6604
9034
6906
7823
5255
5437
2631
7368
9868
8634
2647
11166
3894
14147
2748
7837
1075
11509
1678
11126
15036
11206
12478
8263
15729
14376
9647
3467
11855
8528
10246
15004
12940
11392
4827
179
10474
16231
12015
8320
6327
15395
1611
710
1115
13065
6669
1775
9862
10845
9857
3736
2797
9392
5186
15915
9582
11690
4445
1660
7373
3749
14190
3983
13606
3289
13603
12396
9255
8154
2106
2914
11390
5894
9432
8745
4772
12056
1994
15422
11285
5838
12444
5761
2307
15339
12377
12695
10800
9128
517
4667
6405
5683
3643
266
15279
14534
3524
15859
3075
737
15596
15917
9488
16294
5949
11130
15376
5101
8248
15000
3853
1236
2033
8259
7067
11048
15322
9226
5488
6156
15368
13161
16148
791
4137
3204
2892
9589
7808
5400
7707
7836
8408
4182
16070
9284
737
11761
3448
10168
769
10263
16210
1940
6055
12380
10467
3918
550
175
11298
12512
5087
12933
913
11087
6136
12675
7502
14364
9157
14080
38
7767
6440
6410
4365
13297
4994
11024
9375
835
6602
2556
10039
1332
3194
5273
7290
10478
9745
1927
8184
836
10470
11995
9025
7606
164
5335
1930
895
10953
3108
885
8210
9700
5237
14225
5290
1694
15288
12682
267
7174
7681
8061
10121
12149
11820
4245
7920
6663
3274
6194
168
10605
8112
7691
6726
3039
6151
9210
13243
6381
11914
7097
1115
12468
1350
8872
4016
4138
13678
4875
1702
18
14316
12938
2810
501
1038
14946
9095
11634
1166
12709
10820
6
9647
7461
13465
1476
1295
6030
2124
1113
3139
10500
12374
237
12914
12027
5153
14457
12270
11931
2147
14726
871
3812
2986
15077
15768
14758
7007
3937
15016
5640
10961
2579
3222
9357
169
1486
11851
6225
15446
15836
551
13579
8722
13524
8504
9329
12238
4976
2802
9064
10023
9423
2576
2283
4322
1341
9568
11175
10000
9838
5844
2687
13952
14228
7456
12214
10704
11538
8882
4794
15665
11271
3795
936
14107
8225
11113
15450
7766
12527
5186
14504
2194
3
7634
3031
14007
8130
5208
8518
11978
7654
3352
5473
4405
13369
7989
6526
5130
431
5703
3661
3883
6032
15841
5792
1349
12239
4586
3802
3711
9861
11777
10028
2396
4347
1912
6638
13814
15874
9509
6250
4172
2094
6761
6983
6908
14763
11347
12127
10101
1931
7888
12657
151
2286
11117
1186
9667
13079
11128
1938
15820
4700
5429
7733
10744
6309
6527
15361
10824
2707
4035
6298
3854
13931
11662
4951
709
11038
12863
4066
9744
13892
9417
1168
2834
5943
16327
904
4721
10690
4014
396
2647
14183
10391
9089
5490
13216
1837
37
5792
10900
3420
4839
9911
9574
7238
13001
16219
6689
1514
13394
11197
11372
10391
5227
779
2113
890
1504
13674
14245
7752
10853
6890
4817
4002
11939
8849
2059
8166
10161
2013
8809
9317
9481
8138
8116
1197
12215
11932
5287
9895
1451
14465
16378
15361
5049
13709
8702
11134
2984
2773
7534
683
3253
15701
2731
8664
8080
12089
8357
3775
9331
13751
15290
15612
8134
1685
13599
15071
15142
15090
7258
4495
7380
9477
3076
4063
7168
5193
3356
15807
1618
13559
5802
5028
8638
6922
5597
11863
12409
13832
5403
15954
1326
489
3249
7559
12432
9321
10054
8925
4687
9997
10027
1332
3594
8533
7095
13844
11696
4058
10465
11727
12300
8836
15625
12144
2646
9204
15696
926
726
15929
8099
214
12630
13715
124
12168
3691
6913
11148
5809
1835
8151
2329
5513
8085
7651
4744
14269
3966
82
12367
4590
13881
10030
4325
13312
3851
3982
5730
6048
10171
1475
16336
7279
5126
7401
260
11461
2573
569
8758
14549
8252
13491
10057
12304
3003
16070
12719
8108
11514
15361
4220
4154
5946
9846
1804
13183
1941
5181
5774
12299
879
1469
2732
7108
5694
8472
8694
5274
8517
10236
8920
4821
12187
5616
5197
12361
11765
14649
6875
6419
5235
15483
4149
9270
4977
12478
15296
1299
2432
13545
8290
10967
11319
12538
2059
725
2141
111
11510
2461
13718
4726
15865
8242
318
14724
13749
9306
15196
15198
12332
645
13318
12771
10458
7296
4480
12950
11012
4579
15888
1237
10663
1814
9324
3306
15652
2064
6874
1226
12071
14197
1568
9345
5112
9611
133
1539
4833
8701
9822
15935
12644
5406
13826
9335
12414
12499
5580
5712
3616
15966
16243
437
6866
3576
4049
1214
1126
12705
1599
6197
10213
8444
3265
1115
8500
13310
13572
9179
11529
2992
3508
8715
13925
1
7292
1103
13637
4156
11585
14289
15973
4028
7462
9228
1973
15391
1054
5829
4749
14092
613
6106
14530
13973
7796
9362
8053
14544
13966
5319
144
9756
5774
13466
9950
6150
15407
1903
10755
1951
11094
2716
15671
11715
10148
1472
8552
2857
5338
15376
2302
1789
11501
1320
14027
5329
12025
3893
7310
14667
14463
12686
3985
7622
4620
556
3914
15285
13970
13835
1047
8300
6987
4648
339
8399
9036
16114
380
15229
14953
10829
13654
4448
16123
13625
15614
2881
6067
4935
9798
6889
3142
11764
5552
7416
3562
4200
13091
2930
4915
1295
10897
6048
1199
3185
10580
11281
657
6427
11881
15957
13405
4078
7752
13748
12849
7807
8206
2973
461
13421
11133
6072
15152
762
1315
4594
12408
9119
15447
5626
6229
7914
5769
3329
8994
11971
13179
9240
1885
14432
14651
8205
1808
10884
15789
13726
13543
9384
9058
8471
5020
15585
12949
16120
6004
8018
11525
1361
16330
11853
10241
6418
712
14995
1217
2713
12630
5326
6835
8596
11204
6957
5247
4785
13422
5987
2016
3008
3498
711
3920
4096
320
4511
1302
8712
9338
15895
10470
8383
13356
2775
4192
13950
15617
8407
6275
1140
10066
504
14555
12378
12776
4109
1143
14532
4108
16002
8271
1741
3570
13250
2205
15774
8330
10456
12439
3461
13929
970
14739
1502
13776
8076
13322
15668
13691
16348
4031
12443
3064
5355
3658
6824
15141
451
2179
4180
3706
14234
6998
2269
13343
14579
2364
77
8217
676
15586
11952
10479
388
10025
5495
9671
3303
6758
9938
13386
11499
10348
5970
14784
3429
3735
12460
1663
14750
7633
7742
12245
2438
11605
2816
7347
7957
6733
14296
451
1005
14171
1300
3406
15988
3174
1764
4656
1550
13663
10577
4092
13436
5922
15251
14019
1100
4765
11333
13896
14363
15183
14787
9625
9192
9987
1301
8909
8556
12122
3607
14386
5030
13223
104
12195
10135
11056
12220
13738
13203
8289
15612
8623
6264
12027
15309
16375
13818
4038
4364
15628
946
9939
6222
5045
13060
7945
6622
4065
2860
726
16333
1994
6710
8596
10933
4981
1451
10860
7105
8711
118
7302
13983
6254
7367
6837
2780
10165
16081
13452
10388
4542
3578
911
14723
3292
11746
10453
10068
15032
14115
5084
3522
2762
814
6204
16057
1915
6512
7428
5390
13887
12642
10774
5637
3018
537
1799
8523
10106
10762
2628
15088
2845
3831
14782
5005
10776
16051
14514
6970
13730
3488
9518
13858
14509
8499
13936
2702
12458
15898
12861
15489
16293
9777
7990
10400
11703
3815
7756
1741
1259
12997
15395
9080
612
14009
6033
8103
7582
9579
5407
11253
11259
8350
7537
5653
4306
5172
14426
16014
11389
12810
12098
4709
9810
9643
7139
8330
15266
1733
13653
5114
10774
5980
9091
8656
7474
5428
2912
9964
8414
13475
13669
5532
3803
1577
10415
5025
2134
4569
8806
2164
10880
9674
4594
3943
1249
4998
15144
16305
3791
12260
2451
3148
4340
7919
14699
1830
7861
6231
5908
12130
7637
2240
11629
15186
12568
4362
15123
12228
6976
12337
8552
6852
7453
12612
15599
11705
2906
12455
8593
14159
11253
1758
12394
12379
8750
12602
3413
8126
8211
98
7388
10564
13221
6473
1751
3285
12926
1966
5351
8400
8411
4775
4
112
8612
3897
3309
645
3432
1444
2280
7068
12819
187
6107
10329
10012
8354
8503
14511
4120
10884
9495
15508
13919
1167
10064
4184
6728
14668
10197
5384
861
6446
4432
7355
16277
16122
14146
1941
7116
6018
10532
3015
2191
15167
14426
9939
12044
1668
2757
8687
6685
4529
15747
5859
2591
13709
9257
12432
221
4436
15717
15741
15052
12723
12479
14171
7980
11361
4529
13637
2317
1719
7845
11815
11407
15213
6128
9125
1984
4555
14843
3218
5170
9656
4524
6495
14677
1028
9006
12048
10442
2318
16057
298
11033
11216
14152
13540
5931
15884
9083
3241
14701
14440
11688
8366
15765
6737
16024
3902
10548
10170
1248
9552
5262
6305
7324
1824
9824
11999
10428
6876
9978
6030
15758
14415
1416
11961
1480
7013
12773
10704
8109
12798
7705
10736
767
15779
10582
10
15329
7706
13469
14084
6290
2892
3636
575
5061
5042
14426
4309
13078
11064
14900
16337
7801
4114
3411
12655
1195
850
2440
12150
10413
14166
15262
3735
4613
5265
5848
3346
7623
3196
9904
7443
12167
789
5342
14861
11063
12775
9005
12101
766
7876
12755
7471
1128
13911
8072
5423
14549
5288
7079
6578
15627
14210
7065
6044
12249
14206
12491
4551
14551
14961
7456
15778
11543
1514
10283
1863
4871
733
10985
857
12683
16074
963
3581
7517
11741
7728
546
3523
12364
13318
9564
11664
8513
2478
1647
3022
15457
12067
13360
8585
4
3940
11399
15936
3396
9734
1855
3585
1357
590
7528
13117
9944
12728
7288
12398
10909
7856
9809
13557
9656
3746
12006
15495
4781
15283
10546
9512
4819
16372
9227
14050
6593
6838
2502
8111
14997
1106
10742
406
9499
9384
659
10328
12433
7595
1518
3333
5733
15211
14031
14999
5337
4350
1561
1618
9443
1322
8576
7694
3590
12172
15633
7760
3439
345
12258
10501
15181
12756
9465
7948
2846
2779
9384
6772
9155
11669
40
15198
7603
10403
4914
12129
7221
15022
2058
4917
2038
13807
5475
3011
760
12235
14208
4297
9997
15642
5228
15710
2340
15968
15476
1514
3372
7096
5187
1884
2746
7783
7436
3649
9431
11423
11067
1987
13138
11549
8019
12903
3862
1068
10909
9244
6889
7875
1765
6443
11789
1297
15060
277
9877
10814
654
16294
7787
14223
3372
6429
2774
9799
11405
13832
1350
6923
1742
4169
4439
10909
2701
15964
3328
8589
11302
10293
14862
11405
1826
9178
13012
9896
6524
13521
14253
15578
11520
13465
8153
16130
15609
11104
8544
1544
15567
13527
13121
13212
4123
5953
16371
11438
2310
10839
8361
7087
14827
11369
6791
101
6071
16284
5235
4567
4354
5571
5895
683
8428
14886
12573
13591
9198
15872
9371
10728
6291
5153
11178
1010
23
11173
14976
12682
3518
14651
4650
10196
8912
7561
15252
15623
1359
12219
7844
14509
5593
9012
1812
4704
5370
6701
8591
7306
12319
13536
10526
14726
9179
15197
2595
11448
3365
4411
14698
8430
6297
15762
8173
14807
2288
9041
1284
1096
8575
12129
8202
8717
11282
10566
8098
14665
10668
13242
8583
12385
13007
1283
11107
14114
14039
2064
10091
10764
15370
2565
2511
10279
5597
737
7194
1630
12317
30
16115
6637
10456
1592
6312
4020
5490
12542
6044
12033
6138
5361
5096
6077
4112
12000
7584
3601
5896
1794
8188
16155
13084
5341
4455
11610
9192
56
14917
4169
5794
3560
15798
1485
5931
3657
8354
6011
4543
13706
2831
12378
5671
11838
8174
13550
2214
9722
14809
12414
11952
11969
8929
9481
12214
355
7849
14864
7979
13307
11606
8556
14403
14452
8723
5411
2578
2839
10038
4057
4434
16067
7539
8583
4827
16065
9020
12226
15907
1464
14387
9311
8821
15199
10461
7440
15845
14625
9516
15617
5213
2293
13754
3704
7036
5327
3511
6960
4536
12802
10750
12196
14823
253
6186
6022
9854
6657
9250
6942
4429
13177
2445
8115
9545
2929
13244
1509
4695
7664
1616
795
14585
9378
16333
9782
2306
13823
11238
4369
4067
994
1124
279
7598
8707
9543
10442
6861
9945
9267
5578
15036
3563
13905
5115
10902
7756
13816
5207
9874
7586
1565
2001
2549
16069
12934
11252
3462
7935
11893
13529
1339
6121
14182
2065
1180
869
1685
9512
10419
14242
13065
1671
15799
2465
394
2294
5798
4995
659
3895
14174
6886
3182
15524
12473
8749
3687
15673
9651
12788
7929
2032
11476
14269
2449
15257
10233
12793
10454
5374
3172
7080
8533
4961
5469
6893
12344
9882
3401
2984
9522
11893
1399
2926
4688
10220
3673
14027
15527
697
13422
15519
9282
3241
1524
11483
7994
12962
51
6825
13131
8097
4018
2516
13358
13374
15355
3314
5347
3662
16063
2635
633
15748
14466
11095
7081
15075
3341
13566
11931
3206
9049
538
7176
8990
11295
7985
11006
9226
1263
9327
13177
14596
10921
1181
14489
185
11446
9724
16242
9062
4832
14642
8365
8447
1079
9679
7453
16113
6121
8737
11628
14723
3473
8651
10470
9548
7518
9475
5756
6625
16214
4006
1322
13990
6757
5942
5974
6443
16229
14616
12608
8926
4742
11488
14473
8074
12245
4861
11824
14902
6360
13912
14840
2583
5296
15259
5257
8811
3780
9217
853
14310
3753
14986
5815
11194
3626
3067
2290
2818
16052
1258
13676
10832
12083
2640
11871
3570
8147
11043
10158
11091
7375
2979
7433
15901
14
12653
9771
6538
12094
9133
1124
13646
16145
11006
10632
11410
2752
15392
2572
4182
6278
16322
15732
3639
2302
11760
4982
16020
463
3850
3660
15478
15949
13865
1978
7705
1599
9685
3391
4969
14483
12533
12095
10694
4780
15769
11992
6474
9224
6306
12263
2741
2195
12530
8706
8033
4788
13286
4000
5117
15038
1446
10639
3491
13837
9670
9254
4012
8406
6154
111
15253
11956
13075
9711
3506
7395
6630
8383
4020
11479
3187
15666
6459
7496
14184
10249
16301
13384
392
4893
5834
14174
3834
9969
13891
12801
12509
13910
5441
2661
15652
12488
6335
11583
4524
14578
3509
4087
3052
14192
9341
15627
6120
5913
10722
14058
7554
10768
9734
2936
12322
12469
11986
16104
11333
10560
7654
4747
10338
11628
6406
1724
13966
12597
1114
9035
3119
368
4461
7378
8951
6849
927
11752
1385
14992
9750
8438
6692
1489
12702
10932
14571
20
8063
10235
15712
9291
3158
11767
5421
1294
8985
5483
1467
12847
372
7534
8816
5056
5501
1302
13724
12272
6151
11437
5984
4573
6790
9664
7953
11779
11366
13899
590
10344
10104
4050
4973
9407
4319
14894
16005
5911
6910
11906
7457
12724
4816
15879
11914
10782
14536
16243
11008
9126
6782
879
3942
2663
14903
15445
5246
119
7370
16336
11870
13115
9088
13235
6328
9298
8404
15541
6639
15742
13392
10643
11884
16251
12355
967
4094
10154
7416
3632
10590
4154
10200
14383
11953
2755
7383
12441
8683
103
1708
16322
2719
1938
5274
3229
11741
2592
3426
8417
1089
9351
9908
12016
5622
13671
15179
15993
2061
5029
14913
10242
2514
8251
15964
8756
4038
10494
6222
9643
9274
5389
15262
3448
250
11593
10601
3389
7220
14168
12438
5201
9192
11566
4364
4907
893
1086
4844
4615
10076
11500
1633
4887
12630
3372
623
5540
14691
300
5523
4741
12546
11383
6749
13638
10757
14511
10965
8729
15730
23
12710
2472
5247
16336
10215
15579
26
13468
9928
10186
11471
13750
3810
4716
12052
6803
10878
1371
2736
3122
189
6360
1836
8861
7560
3304
8315
15968
11247
5126
14482
12439
129
385
15256
12063
3896
13463
12662
15400
10622
11786
13736
6033
9888
1370
16354
11571
12839
15109
8366
5847
13397
5683
3264
3250
6561
9769
13821
12136
7437
11477
13307
16011
10386
14766
9933
2888
16195
16188
14915
1799
575
1486
7911
16281
1673
6501
5905
7832
13481
1398
5348
14602
16361
3934
14854
2234
2626
16330
10512
15770
8756
15940
7398
1735
6865
8876
4878
1376
5333
8807
6129
5524
7598
16096
14310
4862
415
11857
3182
11480
3719
15680
13646
11636
10719
5631
4564
12642
3739
5296
15453
10285
3254
11056
9222
14116
3852
15194
15663
790
11442
13117
7587
3663
15860
535
9787
7097
11325
3185
3977
9882
9850
16273
5515
10561
3207
2166
1833
5646
13608
10566
3884
4250
6167
4868
3949
1190
7278
13048
7093
666
10826
3941
11370
9240
10785
2525
6867
3465
5784
3379
64
13141
15764
16199
6476
5168
11886
3075
12290
5941
14001
14123
5927
14265
2603
16233
435
3549
10573
12633
8683
11977
2475
8267
2230
12446
7363
2300
14418
821
14975
5625
3199
6110
9905
3145
6150
220
13807
8480
9587
1773
129
5908
6997
797
5760
13369
5724
2446
4660
9567
11303
926
7348
2210
11536
8984
4545
8100
2738
5122
15459
1312
13132
5921
1310
12576
14807
1353
6152
12839
12536
11719
11746
2300
4186
10925
9466
430
13183
8595
10285
14769
13665
8925
4997
7202
14865
9012
4981
16051
12320
8565
8085
12634
3338
3888
12933
1746
11713
5043
8811
15407
10002
5087
4310
14983
13812
11911
7094
14545
12463
6659
9803
4024
13818
14589
12341
394
9108
2130
9993
6462
4893
15689
3530
6965
14594
12928
11285
7927
6413
13209
207
12847
3863
11828
10772
11183
5566
13592
3122
8748
13084
9364
15990
8401
3027
4695
1474
7905
15156
1268
14351
1114
5594
1970
4574
12532
4135
15730
9967
9234
8193
15113
7558
14941
14416
4153
12350
4518
807
12664
9130
5822
7934
67
7540
9676
2962
145
8774
12276
14331
9843
9050
9508
3799
9686
9685
1177
15647
2069
11218
4139
10188
10285
15693
9678
7240
427
1633
6149
15543
12811
16059
6946
15929
1330
1588
9376
6969
12363
1125
10008
7003
2293
286
3339
14019
12428
13344
5179
6535
5163
6656
6567
12725
15127
13918
601
11879
6309
429
8242
3724
14167
72
7435
15430
15573
9303
1125
13807
3853
15365
14381
4968
8097
3653
9301
10137
15189
11293
1168
12411
14193
12654
13920
12166
12238
8901
9908
14537
14327
7791
7943
5653
13096
2972
13036
5974
9807
13824
1934
14609
8561
5692
11738
14922
12562
5387
746
3326
5017
2522
11717
1630
539
1067
5374
12611
14491
11761
6360
9808
4534
1097
14524
1815
4069
458
15852
9917
1819
11479
3166
6783
10642
13445
10512
4853
10255
13533
5982
9698
6184
12569
6793
1500
419
12044
11407
3085
6293
7558
11935
6656
3605
14773
15122
4579
8242
8787
3606
5779
10224
9816
13219
10286
15797
12084
10954
8992
6268
10603
15414
14173
2290
15250
6495
12853
16324
14744
609
6748
15981
13681
2213
13201
13943
9909
5557
2782
5835
12036
10442
14498
7651
7006
3504
12528
12091
8994
2063
2683
6286
12555
7027
4300
12036
6771
47
16065
7624
15663
1558
13669
16251
5944
1897
8520
1219
1748
12524
13112
9886
13087
4461
2691
16333
9961
11665
13960
8646
2727
10286
14119
3652
12876
88
306
15558
11047
534
11193
11266
13175
9220
1995
4874
15503
6831
7949
14074
10849
635
748
11052
3512
13400
4364
10225
1070
647
2296
12973
458
11588
5992
4376
216
14198
7638
1656
8019
14199
2106
7579
3076
11719
6545
11751
11563
2844
706
1804
9957
208
5124
14625
8023
5132
10484
8670
9184
6081
11021
4260
5551
9978
10402
16372
8584
7411
14878
13034
6173
14412
14733
14483
10568
14619
13635
7720
4049
7708
13785
9963
5856
5226
3854
14132
15072
6302
11450
9366
14518
6736
8239
9130
16210
12166
906
11110
11714
14609
12469
1151
5295
10420
10159
8709
9399
5367
1640
1855
13996
13310
15400
8415
2245
10113
14564
8001
14769
8557
4042
14575
6971
1381
880
9525
10610
4841
1440
13334
13843
2807
7649
6758
5107
6087
12054
9902
14900
13540
4400
7745
1757
87
10244
15389
15665
13294
420
1960
4869
14606
3813
11324
9432
5318
2008
2207
8647
8308
14307
15738
1032
8635
11048
2581
2463
4259
14264
8110
15038
12947
9058
1656
6992
15522
7062
1432
5224
12119
13553
5350
5785
2941
5574
12077
8731
7560
504
5072
5492
1668
4809
5322
6987
9131
3114
12552
1647
15807
4431
5008
9815
1466
7817
11818
715
13601
14192
7451
2833
13714
11122
13174
10892
16016
14859
247
15428
11527
6836
2097
14520
6277
16246
11317
6653
9170
3267
7870
13228
15996
13542
13195
3375
4649
15206
2984
14661
4091
5731
9877
9772
4434
7567
14824
11393
3237
11097
1719
14864
3613
2900
15312
14822
7989
13872
2644
6220
9668
4200
14068
493
3826
2967
5386
6162
11301
9885
6811
15476
11936
13976
16312
11855
781
14191
4932
5636
404
14533
12054
14272
5279
721
724
8078
4894
6681
3553
10070
12196
8900
11296
11035
8709
6808
1903
6155
13054
5792
14737
7076
2407
12264
6595
6689
9767
3643
4512
1067
14814
2935
558
13930
3857
5222
2339
12792
8538
12834
9643
3898
2671
14745
12850
10163
3504
13439
9750
15705
8682
15076
1990
8901
9584
5995
6047
2070
5207
5782
2307
632
1057
13972
15793
8828
16030
3931
15444
4052
6807
8004
7368
11387
4226
2014
2443
14149
10652
4042
1692
5520
14107
9290
9014
193
1218
12375
4143
10083
10067
15456
4730
14590
1219
15458
7495
12684
13654
8214
9689
3625
11346
12278
6923
3221
10853
539
575
7229
16364
8865
9058
12553
4377
1745
9956
2315
12465
2577
5348
12353
14518
15284
6012
7616
15335
10416
12090
14175
15009
6762
5483
909
1113
12514
14780
10712
6608
13324
6029
10976
12366
9186
8785
3978
8796
13442
2409
12407
15992
11144
7318
2912
41
6948
1409
2391
3484
8317
5462
4663
5627
3362
15286
7828
16012
6878
3205
9862
13049
1915
927
2961
9550
4454
6113
13360
6945
12703
15298
9541
11804
11205
12946
2217
12237
10042
2529
3792
11341
1756
4623
3675
8169
16085
5451
10114
15584
15904
16046
10026
9237
7265
11137
4179
15330
7045
9819
159
10628
532
10330
8828
911
6088
2550
1329
12002
3895
13808
14035
1394
5915
484
8417
14644
13293
1474
3393
2458
2742
9356
11315
11048
4676
871
15755
15680
5600
6495
14179
12251
4130
12888
7797
14860
1436
5437
8312
4784
781
11101
15877
4225
5167
8453
6586
2148
7678
819
7568
9173
5692
8505
2770
6665
8917
2847
9731
2795
3427
7591
1444
4426
3152
5418
13490
12732
13484
540
8418
13743
12964
12488
13991
8220
11601
15673
11517
7537
5198
12759
2167
5695
16084
136
9485
2220
11729
725
14895
7426
9106
13581
13322
13470
9880
1107
10990
14228
7004
14736
10099
3313
3668
3749
11644
5512
14316
13310
13166
7107
13735
4092
3835
14362
2905
9527
291
5545
5659
14348
10921
13014
3848
1742
7916
7527
215
11127
12657
1907
478
1079
4809
7111
10405
5205
12777
5715
7873
7410
591
2663
4963
4656
15629
14463
10456
11109
8222
5383
4126
2779
15865
5557
8517
11280
5556
15182
14969
11943
16035
10378
2634
13023
12627
9646
6475
9606
8538
9296
9805
116
14948
10887
1469
4012
3774
5084
9545
8010
13236
3394
363
2922
14744
3581
12717
6311
403
4013
13675
2798
9694
1012
1520
11107
8912
15990
362
12233
5603
14270
9840
14987
11839
13350
2398
7936
8371
5042
1919
10276
4956
8854
4501
4015
15918
10862
3541
23
13155
2409
13381
14111
2429
5533
14326
14773
2314
6311
4368
10358
6178
15294
6485
10763
16334
6418
1581
770
3031
14493
9316
1907
4269
4229
3156
8552
14104
14775
3846
5849
14550
14094
12734
9438
2101
5981
9512
1342
10187
12848
11763
12995
13412
3331
8084
3062
5411
11813
8025
2040
3147
11919
4461
3176
2806
4513
13534
9308
15658
5703
13573
4067
6366
12062
4438
495
1443
1631
4370
2663
5149
16201
7027
3621
4867
6847
6558
8996
1148
6838
11438
12552
5020
11087
5201
7070
8731
5524
10892
5331
3246
9315
9750
13927
5980
3763
2373
6594
11807
8890
2132
14454
4802
13216
984
11495
13325
2520
13920
3108
6034
11861
15647
5600
9779
5950
12289
11018
10410
9579
16051
15956
11951
8813
13384
990
8195
11860
9646
14143
5583
2391
6203
5023
1519
2495
715
4875
11814
14935
5931
7525
1569
15556
662
4261
9225
8279
11995
4659
13628
5655
7107
2724
13680
11134
2041
4676
14473
11531
1287
9940
4859
2066
5015
15193
2630
10423
4381
7527
4262
3861
10458
13208
1973
8238
1795
7200
7319
5996
2597
3750
13068
10560
7595
2301
11321
3120
3994
2726
6673
12737
11723
14528
13214
3093
1232
13554
8976
2052
12736
4347
2305
6064
4664
2644
7342
417
2730
553
3598
14249
3776
7335
4562
15429
15214
3472
6739
2481
5306
12255
4560
726
7530
9120
11831
2686
11581
6756
5564
12731
4
4759
11111
15549
6055
249
11924
1987
11183
14933
12225
14421
7967
1068
13533
9609
8717
2369
14669
15123
5704
9632
2302
5111
12402
10042
11741
828
12731
3435
5266
752
16156
9902
16039
3632
5128
11227
10138
3024
14057
6368
10209
2256
12926
14859
368
8186
8346
14749
15996
5342
2079
5046
5118
10811
1030
3982
6549
15921
5252
3798
6323
2652
2775
6524
11087
5142
9949
4512
8555
13517
494
11742
3177
5846
12635
13682
11354
9432
1440
4384
6083
1758
6085
1416
10439
13941
12419
14364
14045
8851
7237
6687
2898
9547
2464
12121
11796
384
14263
13540
2869
6405
11873
13474
3921
16128
3880
6554
9935
5058
3515
14250
15248
3126
5754
9701
7311
1493
15733
12151
1925
2189
2164
9533
7726
15038
16316
15709
11630
10676
11987
2597
9971
1471
13955
13166
13828
1920
323
5054
2696
2297
890
832
11297
3501
10359
14079
2233
10422
11973
6923
702
9499
13031
9402
13134
13530
9164
2616
4737
6050
778
14814
15865
3382
8958
11104
15374
1320
13104
3405
9496
494
12413
2309
3588
13890
6522
9911
14074
12227
2851
15153
2414
12337
16042
13318
13305
6284
5254
5970
1338
10125
15599
3829
11449
15059
2550
14491
277
2724
6154
4703
650
12292
16337
9850
12767
6653
13961
7964
13513
8002
15291
12149
13764
9495
13335
527
14068
7027
4023
12834
11189
769
3901
12630
9687
3495
14168
696
8706
511
14654
3178
5944
6560
12690
8952
12653
3834
3323
13107
11781
14521
9500
6949
9732
15626
10793
8720
5623
6152
2690
11730
3293
7939
9335
3294
3177
6430
7781
7533
7550
4195
8830
12597
10475
10602
16327
2414
16322
6336
11963
2044
12001
15038
6511
2589
8867
1056
7449
8363
4718
8
2778
9492
13904
7294
469
1151
1418
11262
13445
14721
9115
9240
2810
1551
5935
3037
5252
6747
3278
1487
7124
6577
11537
14097
989
13781
16275
10339
4651
15673
10607
11546
8775
9286
1410
11001
8035
4514
8480
7580
5458
1520
12493
3268
7126
5956
8946
15113
12610
13839
7202
8045
12593
15698
14383
7929
11589
2734
6356
9014
10448
10082
14070
12218
10720
7112
13342
3458
5487
12235
14823
8531
4072
8543
5147
15853
13279
971
5470
6302
10117
7971
12013
3006
15529
15972
12651
9687
14885
3449
2639
7412
14576
8431
2145
15457
8074
15003
1962
8675
16170
13441
11452
65
15732
15299
144
7099
2180
15684
9713
13879
693
13624
8514
524
5698
14585
10868
6657
460
330
734
10958
7821
9185
15910
5866
1145
4414
1129
2574
12945
13169
1833
6460
258
2128
2542
12788
1034
7206
16347
11229
830
2034
6813
12640
7865
4079
2976
5085
7877
11650
4776
1777
4751
11457
7379
7234
7403
7370
891
6098
11668
3793
3372
1803
4233
8103
11425
13632
261
10292
1685
7381
2801
8758
12701
14667
842
8062
8538
6962
6282
9242
5293
8930
12512
2362
11590
2631
12584
6736
3140
6858
6265
5126
13893
3297
10048
12862
241
11945
779
13621
14783
2726
6815
11687
8977
5370
9906
3059
12488
8905
1647
10291
5017
13343
3011
2796
3108
9722
12226
625
4364
12426
15752
1160
448
10512
292
11025
14712
12636
3246
13284
6197
5728
249
3678
15411
6281
3963
3257
13243
14912
3024
5343
2523
6914
11366
15996
2203
8158
4370
3393
12000
14101
5613
11015
571
11786
16333
8845
3276
15014
12979
5928
8819
4137
6831
5869
6190
8333
15228
5021
7126
5670
3460
9263
7412
990
8383
1776
12887
5802
7159
7774
4281
395
3040
7375
120
399
6267
442
10875
7226
3203
11656
7204
13567
974
13462
4319
5098
14504
12372
15610
3664
135
13952
13321
8803
13980
15675
14012
6187
11218
14671
5593
12055
4620
1900
5472
8751
11107
13741
6968
4268
8679
3805
11525
15047
6749
13261
728
6115
8973
4155
16110
12916
12778
14854
2487
10044
1022
13338
11622
109
6089
7711
7027
1062
12339
10896
6997
4862
9277
4909
11343
6709
13820
15946
254
2706
12863
15598
1186
5735
10268
14945
13900
5376
10243
4763
6437
4081
7340
34
13277
5927
6979
11837
2439
9679
9499
7734
5813
3467
1046
2727
1623
2996
3949
8301
1911
2342
6735
10558
12609
13988
12084
10183
1196
11318
15575
8648
1623
12549
5390
9241
14483
2913
8102
14740
780
6028
15787
1287
13738
6685
13403
3159
3878
7148
7649
9687
12795
3527
4797
4135
9716
10201
1892
6119
8204
10622
4558
3861
8641
6747
12863
391
5408
11613
1879
5098
6477
6947
347
2817
1842
11816
810
15539
14080
8965
7357
2493
4619
10045
5297
11443
4924
7779
14961
378
8573
9989
15519
12436
10007
13779
10085
11661
6072
1726
6645
4734
8845
4829
5073
4181
2410
12549
10462
6425
4366
8782
4882
1264
13885
3874
2855
15178
280
8976
9506
16246
15114
2962
3455
13227
5986
41
75
2551
7144
12531
12767
4575
5099
1521
11218
8339
12056
1775
14047
11455
5903
13883
4308
5390
9879
11109
7434
12204
9868
5294
13502
6746
13544
1183
3725
9767
3664
15387
6448
659
4754
2528
2793
9231
16001
10041
16223
5641
15480
566
4017
13785
14406
4779
2391
14330
8228
15893
10394
9010
13413
15325
10715
3503
4571
14002
7301
16257
13003
16326
998
3781
6438
9921
4707
1755
4044
15903
1313
2411
6978
6843
2114
6921
5046
10591
11006
15245
12244
9066
4101
6982
13109
4383
96
10701
15075
1013
14506
2671
8903
15428
14881
5978
25
9561
6225
633
13640
4559
11022
11702
1529
2985
4728
4365
15753
6854
5174
398
3222
15883
14149
2083
5277
5415
7371
12766
4647
2319
13304
3760
14934
8082
15635
8351
8360
15193
493
4199
855
13993
8783
14420
10867
14185
4351
4263
12237
4338
1451
6116
4270
12699
4932
7116
6089
7020
7866
5670
3359
12348
5008
6936
5626
12462
576
6322
8649
9221
7525
10882
16227
7663
8297
13697
9122
12768
13402
15567
1632
9443
12735
1290
12886
2939
10805
6481
8503
9975
14512
10882
13821
15016
3688
4059
12346
1526
3477
10777
3181
3104
14042
8807
11583
1973
13726
10481
10917
4324
302
6427
9763
11774
2366
10439
7060
14810
9523
15429
9657
14709
11547
14645
13402
8193
1083
2332
14960
13770
6333
12952
3830
7188
3739
8462
16330
14102
6297
6834
7946
8950
8148
12398
12145
7127
9561
4383
340
12534
4901
6267
2228
13449
4253
4578
15647
9304
3506
2490
4322
8557
10172
15937
4082
88
4266
11942
3283
2207
1876
12369
1631
11322
5413
3042
7116
14888
11993
9097
6598
7850
15572
4613
3496
11608
12686
13529
2480
1074
1497
1623
10765
14885
10942
9932
12313
4124
11635
8884
9272
2819
7483
12865
8951
2478
1160
6648
9938
16154
8856
14947
4598
3125
10833
3440
15597
4702
1225
15000
13909
5862
11465
12461
8508
8346
3382
14123
7044
12848
13265
7274
10829
14858
16021
7548
508
6823
6982
9731
8816
958
4917
5798
8873
3650
14736
